<Qucs Dataset >
<indep frequency 300>
  +6.00000000000000000000e+08
  +7.98662207357859492302e+08
  +9.97324414715718984604e+08
  +1.19598662207357859612e+09
  +1.39464882943143796921e+09
  +1.59331103678929758072e+09
  +1.79197324414715719223e+09
  +1.99063545150501656532e+09
  +2.18929765886287593842e+09
  +2.38795986622073554993e+09
  +2.58662207357859516144e+09
  +2.78528428093645477295e+09
  +2.98394648829431438446e+09
  +3.18260869565217399597e+09
  +3.38127090301003313065e+09
  +3.57993311036789274216e+09
  +3.77859531772575235367e+09
  +3.97725752508361196518e+09
  +4.17591973244147157669e+09
  +4.37458193979933071136e+09
  +4.57324414715719032288e+09
  +4.77190635451504993439e+09
  +4.97056856187290954590e+09
  +5.16923076923076915741e+09
  +5.36789297658862876892e+09
  +5.56655518394648838043e+09
  +5.76521739130434799194e+09
  +5.96387959866220664978e+09
  +6.16254180602006626129e+09
  +6.36120401337792587280e+09
  +6.55986622073578548431e+09
  +6.75852842809364509583e+09
  +6.95719063545150470734e+09
  +7.15585284280936431885e+09
  +7.35451505016722393036e+09
  +7.55317725752508354187e+09
  +7.75183946488294315338e+09
  +7.95050167224080276489e+09
  +8.14916387959866142273e+09
  +8.34782608695652103424e+09
  +8.54648829431438064575e+09
  +8.74515050167224121094e+09
  +8.94381270903009986877e+09
  +9.14247491638795852661e+09
  +9.34113712374581909180e+09
  +9.53979933110367774963e+09
  +9.73846153846153831482e+09
  +9.93712374581939697266e+09
  +1.01357859531772575378e+10
  +1.03344481605351161957e+10
  +1.05331103678929767609e+10
  +1.07317725752508354187e+10
  +1.09304347826086959839e+10
  +1.11290969899665546417e+10
  +1.13277591973244132996e+10
  +1.15264214046822738647e+10
  +1.17250836120401325226e+10
  +1.19237458193979930878e+10
  +1.21224080267558517456e+10
  +1.23210702341137123108e+10
  +1.25197324414715709686e+10
  +1.27183946488294315338e+10
  +1.29170568561872901917e+10
  +1.31157190635451507568e+10
  +1.33143812709030094147e+10
  +1.35130434782608680725e+10
  +1.37117056856187286377e+10
  +1.39103678929765872955e+10
  +1.41090301003344478607e+10
  +1.43076923076923065186e+10
  +1.45063545150501670837e+10
  +1.47050167224080257416e+10
  +1.49036789297658863068e+10
  +1.51023411371237449646e+10
  +1.53010033444816055298e+10
  +1.54996655518394641876e+10
  +1.56983277591973228455e+10
  +1.58969899665551834106e+10
  +1.60956521739130420685e+10
  +1.62943143812709026337e+10
  +1.64929765886287612915e+10
  +1.66916387959866218567e+10
  +1.68903010033444805145e+10
  +1.70889632107023410797e+10
  +1.72876254180601997375e+10
  +1.74862876254180603027e+10
  +1.76849498327759170532e+10
  +1.78836120401337776184e+10
  +1.80822742474916381836e+10
  +1.82809364548494987488e+10
  +1.84795986622073554993e+10
  +1.86782608695652160645e+10
  +1.88769230769230766296e+10
  +1.90755852842809371948e+10
  +1.92742474916387939453e+10
  +1.94729096989966545105e+10
  +1.96715719063545150757e+10
  +1.98702341137123718262e+10
  +2.00688963210702323914e+10
  +2.02675585284280929565e+10
  +2.04662207357859535217e+10
  +2.06648829431438102722e+10
  +2.08635451505016708374e+10
  +2.10622073578595314026e+10
  +2.12608695652173919678e+10
  +2.14595317725752487183e+10
  +2.16581939799331092834e+10
  +2.18568561872909698486e+10
  +2.20555183946488265991e+10
  +2.22541806020066871643e+10
  +2.24528428093645477295e+10
  +2.26515050167224082947e+10
  +2.28501672240802650452e+10
  +2.30488294314381256104e+10
  +2.32474916387959861755e+10
  +2.34461538461538467407e+10
  +2.36448160535117034912e+10
  +2.38434782608695640564e+10
  +2.40421404682274246216e+10
  +2.42408026755852813721e+10
  +2.44394648829431419373e+10
  +2.46381270903010025024e+10
  +2.48367892976588630676e+10
  +2.50354515050167198181e+10
  +2.52341137123745803833e+10
  +2.54327759197324409485e+10
  +2.56314381270903015137e+10
  +2.58301003344481582642e+10
  +2.60287625418060188293e+10
  +2.62274247491638793945e+10
  +2.64260869565217361450e+10
  +2.66247491638795967102e+10
  +2.68234113712374572754e+10
  +2.70220735785953178406e+10
  +2.72207357859531745911e+10
  +2.74193979933110351562e+10
  +2.76180602006688957214e+10
  +2.78167224080267562866e+10
  +2.80153846153846130371e+10
  +2.82140468227424736023e+10
  +2.84127090301003341675e+10
  +2.86113712374581909180e+10
  +2.88100334448160514832e+10
  +2.90086956521739120483e+10
  +2.92073578595317726135e+10
  +2.94060200668896293640e+10
  +2.96046822742474899292e+10
  +2.98033444816053504944e+10
  +3.00020066889632110596e+10
  +3.02006688963210678101e+10
  +3.03993311036789283752e+10
  +3.05979933110367889404e+10
  +3.07966555183946456909e+10
  +3.09953177257525062561e+10
  +3.11939799331103668213e+10
  +3.13926421404682273865e+10
  +3.15913043478260841370e+10
  +3.17899665551839447021e+10
  +3.19886287625418052673e+10
  +3.21872909698996658325e+10
  +3.23859531772575225830e+10
  +3.25846153846153831482e+10
  +3.27832775919732437134e+10
  +3.29819397993311004639e+10
  +3.31806020066889610291e+10
  +3.33792642140468215942e+10
  +3.35779264214046821594e+10
  +3.37765886287625389099e+10
  +3.39752508361203994751e+10
  +3.41739130434782600403e+10
  +3.43725752508361206055e+10
  +3.45712374581939773560e+10
  +3.47698996655518341064e+10
  +3.49685618729096984863e+10
  +3.51672240802675552368e+10
  +3.53658862876254196167e+10
  +3.55645484949832763672e+10
  +3.57632107023411331177e+10
  +3.59618729096989974976e+10
  +3.61605351170568542480e+10
  +3.63591973244147109985e+10
  +3.65578595317725753784e+10
  +3.67565217391304321289e+10
  +3.69551839464882888794e+10
  +3.71538461538461532593e+10
  +3.73525083612040100098e+10
  +3.75511705685618743896e+10
  +3.77498327759197311401e+10
  +3.79484949832775878906e+10
  +3.81471571906354522705e+10
  +3.83458193979933090210e+10
  +3.85444816053511657715e+10
  +3.87431438127090301514e+10
  +3.89418060200668869019e+10
  +3.91404682274247436523e+10
  +3.93391304347826080322e+10
  +3.95377926421404647827e+10
  +3.97364548494983291626e+10
  +3.99351170568561859131e+10
  +4.01337792642140426636e+10
  +4.03324414715719070435e+10
  +4.05311036789297637939e+10
  +4.07297658862876205444e+10
  +4.09284280936454849243e+10
  +4.11270903010033416748e+10
  +4.13257525083611984253e+10
  +4.15244147157190628052e+10
  +4.17230769230769195557e+10
  +4.19217391304347839355e+10
  +4.21204013377926406860e+10
  +4.23190635451504974365e+10
  +4.25177257525083618164e+10
  +4.27163879598662185669e+10
  +4.29150501672240753174e+10
  +4.31137123745819396973e+10
  +4.33123745819397964478e+10
  +4.35110367892976531982e+10
  +4.37096989966555175781e+10
  +4.39083612040133743286e+10
  +4.41070234113712387085e+10
  +4.43056856187290954590e+10
  +4.45043478260869522095e+10
  +4.47030100334448165894e+10
  +4.49016722408026733398e+10
  +4.51003344481605300903e+10
  +4.52989966555183944702e+10
  +4.54976588628762512207e+10
  +4.56963210702341079712e+10
  +4.58949832775919723511e+10
  +4.60936454849498291016e+10
  +4.62923076923076934814e+10
  +4.64909698996655502319e+10
  +4.66896321070234069824e+10
  +4.68882943143812713623e+10
  +4.70869565217391281128e+10
  +4.72856187290969848633e+10
  +4.74842809364548492432e+10
  +4.76829431438127059937e+10
  +4.78816053511705627441e+10
  +4.80802675585284271240e+10
  +4.82789297658862838745e+10
  +4.84775919732441482544e+10
  +4.86762541806020050049e+10
  +4.88749163879598617554e+10
  +4.90735785953177261353e+10
  +4.92722408026755828857e+10
  +4.94709030100334396362e+10
  +4.96695652173913040161e+10
  +4.98682274247491607666e+10
  +5.00668896321070175171e+10
  +5.02655518394648818970e+10
  +5.04642140468227386475e+10
  +5.06628762541806030273e+10
  +5.08615384615384597778e+10
  +5.10602006688963165283e+10
  +5.12588628762541809082e+10
  +5.14575250836120376587e+10
  +5.16561872909698944092e+10
  +5.18548494983277587891e+10
  +5.20535117056856155396e+10
  +5.22521739130434722900e+10
  +5.24508361204013366699e+10
  +5.26494983277591934204e+10
  +5.28481605351170578003e+10
  +5.30468227424749145508e+10
  +5.32454849498327713013e+10
  +5.34441471571906356812e+10
  +5.36428093645484924316e+10
  +5.38414715719063491821e+10
  +5.40401337792642135620e+10
  +5.42387959866220703125e+10
  +5.44374581939799270630e+10
  +5.46361204013377914429e+10
  +5.48347826086956481934e+10
  +5.50334448160535125732e+10
  +5.52321070234113693237e+10
  +5.54307692307692260742e+10
  +5.56294314381270904541e+10
  +5.58280936454849472046e+10
  +5.60267558528428039551e+10
  +5.62254180602006683350e+10
  +5.64240802675585250854e+10
  +5.66227424749163818359e+10
  +5.68214046822742462158e+10
  +5.70200668896321029663e+10
  +5.72187290969899673462e+10
  +5.74173913043478240967e+10
  +5.76160535117056808472e+10
  +5.78147157190635452271e+10
  +5.80133779264214019775e+10
  +5.82120401337792587280e+10
  +5.84107023411371231079e+10
  +5.86093645484949798584e+10
  +5.88080267558528366089e+10
  +5.90066889632107009888e+10
  +5.92053511705685577393e+10
  +5.94040133779264221191e+10
  +5.96026755852842788696e+10
  +5.98013377926421356201e+10
  +6.00000000000000000000e+10
</indep>
<dep S11_dB frequency>
  -9.36607730810012657080e-04
  -1.24016284257652022183e-03
  -1.59860625263497221557e-03
  -2.02459484688940170860e-03
  -2.53204155741838235136e-03
  -3.13740415589887052319e-03
  -3.86075864220092931228e-03
  -4.72695002689203520180e-03
  -5.76697876290728148052e-03
  -7.01975764923401870932e-03
  -8.53439180612253385505e-03
  -1.03731777227863367769e-02
  -1.26155863518730235878e-02
  -1.53635969066924834431e-02
  -1.87488956202791108574e-02
  -2.29426680511890593306e-02
  -2.81690263101770504983e-02
  -3.47235720196838876239e-02
  -4.29992750729449452196e-02
  -5.35228584110301330856e-02
  -6.70063881181568454792e-02
  -8.44210278338923397756e-02
  -1.07103296033523323616e-01
  -1.36909184121123073119e-01
  -1.76438826271510557087e-01
  -2.29364773364658963706e-01
  -3.00910621323217719603e-01
  -3.98542390211092445451e-01
  -5.32946397757988354904e-01
  -7.19356652911285920915e-01
  -9.79221624885038277597e-01
  -1.34199222274209128969e+00
  -1.84638883242755547087e+00
  -2.53990754348711256227e+00
  -3.47501494647649877834e+00
  -4.70148656704685841135e+00
  -6.25732117815477550948e+00
  -8.16386876465021060767e+00
  -1.04308310598522773205e+01
  -1.30746407412888316912e+01
  -1.61585700255351341070e+01
  -1.98916352788662820217e+01
  -2.49333455473359002497e+01
  -3.29577008735585081922e+01
  -2.98444923900106751091e+01
  -2.31388791358394456665e+01
  -1.89350981024268776309e+01
  -1.58446573529086887078e+01
  -1.33795739057072982092e+01
  -1.13324699097066066145e+01
  -9.59536389888149443550e+00
  -8.10254769429422694316e+00
  -6.80957602341622880715e+00
  -5.68468360854650534009e+00
  -4.70490239203742799390e+00
  -3.85386963045293118313e+00
  -3.12001508353234768833e+00
  -2.49465660838103309160e+00
  -1.97008846755361499703e+00
  -1.53805447795303074088e+00
  -1.18897935416432298794e+00
  -9.12041771511054033539e-01
  -6.95840437270948797277e-01
  -5.29251458541445729544e-01
  -4.02144717265471185463e-01
  -3.05805416230139071043e-01
  -2.33064457294258675635e-01
  -1.78221089248117442461e-01
  -1.36853592664084283692e-01
  -1.05592075324619380505e-01
  -8.18984437966902706352e-02
  -6.38751127317195716016e-02
  -5.01089815450925582518e-02
  -3.95492176653589391777e-02
  -3.14140015787950921400e-02
  -2.51205704493456492832e-02
  -2.02332980369517440034e-02
  -1.64254019597990068291e-02
  -1.34507897031773630131e-02
  -1.11233766313531719228e-02
  -9.30188087820356911128e-03
  -7.87862215692449602278e-03
  -6.77124517548250565158e-03
  -5.91657891401481568494e-03
  -5.26605359179489751487e-03
  -4.78224570825976861427e-03
  -4.43621957960215005518e-03
  -4.20538424944390080984e-03
  -4.07157701201637731159e-03
  -4.01898615355611790734e-03
  -4.03128906237679249941e-03
  -4.08724431091439348307e-03
  -4.15819455854743186968e-03
  -4.28339126049013130954e-03
  -6.73547818342549488302e-03
  -4.56325640406113475223e+00
  -4.24925557261909905837e-02
  -3.73523753273185196710e-02
  -6.40022198002602460409e-02
  -4.64436889169719480108e-01
  -9.70222188781141720026e-02
  -1.27102115399297804776e-02
  -7.00311679291362992189e-03
  -7.00038863926202847843e-03
  -8.19997053701988082297e-03
  -9.89513672484130732410e-03
  -1.19634962658709560063e-02
  -1.44281142538659132302e-02
  -1.73694404936030472042e-02
  -2.09074000196264944695e-02
  -2.52033768240911143499e-02
  -3.04712119133896466860e-02
  -3.69956213753734816652e-02
  -4.51597174793755551381e-02
  -5.54855503048036768909e-02
  -6.86942967686894057078e-02
  -8.57968747340220605491e-02
  -1.08232585733044367471e-01
  -1.38084929909483206112e-01
  -1.78423568043364955127e-01
  -2.33855846754310481295e-01
  -3.11431307051161399002e-01
  -4.22146083113480341531e-01
  -5.83466206591274128002e-01
  -8.23549295649141255282e-01
  -1.18814754489469942556e+00
  -1.75123132600859454655e+00
  -2.62935551168355097218e+00
  -3.99683952617968296650e+00
  -6.09793292467135472634e+00
  -9.27289289586767928597e+00
  -1.40736284482244933258e+01
  -2.08572138387282564054e+01
  -2.07102061301459059450e+01
  -1.67255082680464504108e+01
  -1.46881100422593764421e+01
  -1.38788089049468332803e+01
  -1.38253706030153544759e+01
  -1.41585032674847646206e+01
  -1.42785646154874168445e+01
  -1.34107435299747521640e+01
  -1.15275412038136195747e+01
  -9.35421817342261974204e+00
  -7.39582897227157509690e+00
  -5.79723186281199698300e+00
  -4.54582365554978373723e+00
  -3.58300044714002519086e+00
  -2.84483784180237053718e+00
  -2.27560256243841729784e+00
  -1.83113398550949635357e+00
  -1.47835418625628878253e+00
  -1.19350012826715690117e+00
  -9.60139039322525533748e-01
  -7.67303788933923036630e-01
  -6.07806539661684297471e-01
  -4.76767873907160411040e-01
  -3.70460889160688588984e-01
  -2.85571527596495677859e-01
  -2.18879579244765060109e-01
  -1.67245308004561304971e-01
  -1.27735420815946854045e-01
  -9.77550498435082182436e-02
  -7.51216836211802130308e-02
  -5.80736501423854620252e-02
  -4.52327401516633489931e-02
  -3.55447298703132144593e-02
  -2.82154809203111721361e-02
  -2.26525467749508907511e-02
  -1.84163365228366127102e-02
  -1.51814123771480402603e-02
  -1.27068435242777832972e-02
  -1.08139800251753799565e-02
  -9.37000546359825943477e-03
  -8.27584933349016262094e-03
  -7.45731925358923079111e-03
  -6.85857183096408307144e-03
  -6.43725112864253126016e-03
  -6.16077944772068248486e-03
  -6.00338952675417286686e-03
  -5.94354851057214434579e-03
  -5.96146913524839977550e-03
  -6.03655547429225031175e-03
  -6.14549110972995808050e-03
  -6.26640638591908008537e-03
  -6.42230383575225806381e-03
  -6.99715133073415280346e-03
  -1.17789047321848697886e-02
  -1.10888222198713415345e-01
  -6.34928991462424763270e-01
  -1.23105123379581363197e-01
  -9.11989802695884754780e-02
  -9.57267934564365596817e-02
  -1.24047625767364860794e-01
  -2.03225321268147907094e-01
  -4.95658546917367326401e-01
  -1.33129804391431716404e+00
  -2.59053298327105552268e-01
  -5.96629904421414822280e-02
  -2.18402361090978408553e-02
  -1.22973144014257781964e-02
  -1.06392320364501677399e-02
  -1.20215348344737439634e-02
  -1.50040444179553120879e-02
  -1.91608190415267116979e-02
  -2.44591858545535750791e-02
  -3.10768227588484151347e-02
  -3.93586112562598761100e-02
  -4.98349580565022112766e-02
  -6.32841382322738288391e-02
  -8.08455188836204041714e-02
  -1.04208865383992571596e-01
  -1.35929819525051204243e-01
  -1.79965016960277029989e-01
  -2.42602197047094569893e-01
  -3.34119954153536735664e-01
  -4.71824203322897262058e-01
  -6.85708530449269937357e-01
  -1.02904248932350395052e+00
  -1.59757566008245888156e+00
  -2.56079287126494037352e+00
  -4.19902424947830077429e+00
  -6.90283469654365600121e+00
  -1.09076449095311733828e+01
  -1.42101035436941600665e+01
  -1.28873502045944459127e+01
  -1.07638792350706236078e+01
  -9.57454896476484051959e+00
  -9.19817194142951066738e+00
  -9.50268747412980374634e+00
  -1.04731381306774586903e+01
  -1.20597632165415475924e+01
  -1.34285127310493024311e+01
  -1.23310221039056493453e+01
  -9.39859308145598326689e+00
  -6.74823155960794629493e+00
  -4.82408376596440113815e+00
  -3.49953609255640785136e+00
  -2.59659358428712838673e+00
  -1.97552658485932486343e+00
  -1.53976622477667057787e+00
  -1.22561256766883475144e+00
  -9.91644342798249089910e-01
  -8.10945466578670726143e-01
  -6.66074243812486921357e-01
  -5.45985534548578121949e-01
  -4.44111399099125170320e-01
  -3.56976051411234729382e-01
  -2.82983483926235679373e-01
  -2.21333210612661174244e-01
  -1.71231612799746940601e-01
  -1.31533868814086657428e-01
  -1.00760276093171549650e-01
  -7.72962925200476047571e-02
  -5.95997843523381753972e-02
  -4.63313296014466607931e-02
  -3.64015841063111411646e-02
  -2.89629627866436756278e-02
  -2.33747233843862242675e-02
  -1.91610442626408729316e-02
  -1.59721219114811845141e-02
  -1.35520156462449609114e-02
  -1.17136834630627538478e-02
  -1.03202862946732698557e-02
  -9.27146903225695151463e-03
  -8.49339308204353528320e-03
  -7.93150599994173373386e-03
  -7.54525790278902114966e-03
  -7.30416248876041528104e-03
  -7.18474096384412973249e-03
  -7.16798704936636669333e-03
  -7.23707966401727215144e-03
  -7.37524677629100046394e-03
  -7.56433549189529721990e-03
  -7.78741429521828242705e-03
  -8.05152380398261278971e-03
  -8.51493182796658754086e-03
  -1.02733866321612372224e-02
  -2.25659540596535382329e-02
  -2.80162690191772034698e-01
  -7.50043353854165095740e-01
  -1.72827389460706831725e-01
  -1.22647128605878202867e-01
  -1.18566578461358845820e-01
  -1.34315493660985468827e-01
  -1.72384072185801984212e-01
  -2.54071906814703651900e-01
  -4.48433390113386676212e-01
  -8.63608435906631832779e-01
  -6.59286912533249669366e-01
  -2.08188361591401499551e-01
  -7.29056706284467032075e-02
  -3.17458126036631732569e-02
  -1.79337644259197799557e-02
  -1.39968560151798801505e-02
  -1.44509297451911634946e-02
  -1.73524321936384430531e-02
  -2.20333680597353184782e-02
  -2.83952585215277615582e-02
  -3.66805200355458313477e-02
  -4.74265837859834324397e-02
</dep>
<dep S21_dB frequency>
  -4.25724952802295675269e+01
  -4.00041502449078336667e+01
  -3.79671225804716812036e+01
  -3.62581774571313246724e+01
  -3.47684673210339951765e+01
  -3.34327530148773632845e+01
  -3.22087421660602046813e+01
  -3.10673650667061167496e+01
  -2.99876999220725721784e+01
  -2.89541103547683142949e+01
  -2.79545293124948699415e+01
  -2.69793783087375587115e+01
  -2.60208584769302646578e+01
  -2.50724693503307314302e+01
  -2.41286727288245792522e+01
  -2.31846524001786811198e+01
  -2.22361395789714002547e+01
  -2.12792854160574691491e+01
  -2.03105692890624851543e+01
  -1.93267367352758050458e+01
  -1.83247650045733649904e+01
  -1.73018581167701483992e+01
  -1.62554777103999228416e+01
  -1.51834215896033946080e+01
  -1.40839695095417347659e+01
  -1.29561261818302480009e+01
  -1.18000050935936720009e+01
  -1.06174121781439652068e+01
  -9.41269946576842997388e+00
  -8.19394790193783428833e+00
  -6.97446528896039286138e+00
  -5.77437752582717855887e+00
  -4.62166782954802979333e+00
  -3.55142069054484732504e+00
  -2.60171121795841830959e+00
  -1.80555991641511148771e+00
  -1.18125144481732857749e+00
  -7.26192369905680035203e-01
  -4.18478390480571449395e-01
  -2.25132584508774769017e-01
  -1.11866049334008732519e-01
  -4.99471275636998168768e-02
  -1.90584623762843526074e-02
  -7.26589423567099938067e-03
  -9.60978169239155161074e-03
  -2.63292724708021827484e-02
  -6.11912830496029458427e-02
  -1.20088141978255971698e-01
  -2.09954774152486867145e-01
  -3.38035307118195182952e-01
  -5.11518043934283350715e-01
  -7.37512779873477075654e-01
  -1.02325997318264683145e+00
  -1.37636492352423700503e+00
  -1.80479036454504004894e+00
  -2.31637083259147136260e+00
  -2.91776740043251558987e+00
  -3.61304429474737442973e+00
  -4.40231343826227927707e+00
  -5.28098739879060197211e+00
  -6.23999183998727691147e+00
  -7.26689450595340957761e+00
  -8.34755238787654718635e+00
  -9.46776557627481096802e+00
  -1.06145606270038541652e+01
  -1.17769613209540793264e+01
  -1.29462950774240770357e+01
  -1.41161729181187940441e+01
  -1.52822882770444685718e+01
  -1.64421471181637421921e+01
  -1.75948012555631514431e+01
  -1.87406240962553525264e+01
  -1.98811470308601059287e+01
  -2.10189638306991639638e+01
  -2.21577069017331425016e+01
  -2.33021009339331932608e+01
  -2.44581053967238979396e+01
  -2.56331678868246441994e+01
  -2.68366277276392395379e+01
  -2.80803384858597304685e+01
  -2.93796297412216418365e+01
  -3.07548249707319456547e+01
  -3.22337244448750297465e+01
  -3.38558730047697125087e+01
  -3.56803938151570250170e+01
  -3.78016871974785146904e+01
  -4.03849733025720496471e+01
  -4.37628126422081180635e+01
  -4.87917983948716553755e+01
  -5.95749831978867021576e+01
  -5.86511993417395061101e+01
  -5.11645771142542216126e+01
  -5.02997068711907573402e+01
  -7.23192491889667792293e+01
  -3.42180366468912353639e+01
  -2.27434575827414597882e+00
  -2.07469682957210039831e+01
  -2.14256376338415606142e+01
  -1.90728314403943457478e+01
  -1.08208090398035690072e+01
  -1.86217738739996825359e+01
  -3.26128172980909241119e+01
  -5.27885938487697927712e+01
  -3.60606958608233370001e+01
  -3.20093967221791260158e+01
  -2.96945833315145755193e+01
  -2.80226847168483352846e+01
  -2.66610792023080058755e+01
  -2.54698026828544215050e+01
  -2.43782067570885985219e+01
  -2.33458806016743025680e+01
  -2.23473479082545622987e+01
  -2.13651672309982743059e+01
  -2.03864841853510299075e+01
  -1.94011661495761202900e+01
  -1.84007284166049203122e+01
  -1.73776886315335232780e+01
  -1.63251755110787790670e+01
  -1.52367123107458919407e+01
  -1.41061528814638865725e+01
  -1.29277963137850200326e+01
  -1.16967638623026548572e+01
  -1.04098072338365845724e+01
  -9.06684884791211587185e+00
  -7.67373440916129112566e+00
  -6.24681980089745003681e+00
  -4.81973067666856014313e+00
  -3.45085031644083928271e+00
  -2.22526438145309946037e+00
  -1.23894052559353862186e+00
  -5.59103453053315435639e-01
  -1.84504047939151011315e-01
  -4.58983949686913791921e-02
  -4.65707141523296480612e-02
  -1.02582971873347139624e-01
  -1.59370764069990955569e-01
  -1.90885800770537406024e-01
  -1.93397040740053649532e-01
  -1.79850144085380136971e-01
  -1.75498934858446281604e-01
  -2.13383802481044854149e-01
  -3.28094599909785289427e-01
  -5.47719520978034335457e-01
  -8.86363207723485535539e-01
  -1.34099952735619032396e+00
  -1.89456284926758722342e+00
  -2.52332834534140015847e+00
  -3.20458680590164801671e+00
  -3.92177028771179703170e+00
  -4.66646020291761232102e+00
  -5.43804016771142784137e+00
  -6.24192187060301151291e+00
  -7.08698406282199044881e+00
  -7.98267440499625635653e+00
  -8.93625804163533743463e+00
  -9.95078871770144779418e+00
  -1.10242847741351610580e+01
  -1.21502277407059047221e+01
  -1.33190429387859445853e+01
  -1.45199533428662963530e+01
  -1.57426454533103807876e+01
  -1.69784400786826807916e+01
  -1.82209277895564341065e+01
  -1.94661908034690540603e+01
  -2.07127814641973451160e+01
  -2.19616081266224156820e+01
  -2.32158389015898762864e+01
  -2.44808998498570353775e+01
  -2.57646278233922103595e+01
  -2.70776428650648099961e+01
  -2.84340353288620590888e+01
  -2.98525313470494211288e+01
  -3.13584395780729572323e+01
  -3.29869732956589558626e+01
  -3.47891960464609510950e+01
  -3.68434654291780958602e+01
  -3.92798738532852880212e+01
  -4.23410291366683537717e+01
  -4.65746346469817851244e+01
  -5.38092515462349894051e+01
  -7.15329643338856868695e+01
  -5.35282058555900874808e+01
  -4.97637564068900601910e+01
  -4.98848039647439804867e+01
  -6.11982154500530413088e+01
  -4.35341953129406391554e+01
  -3.05348326587876357507e+01
  -1.67475903241450225778e+01
  -8.92002747677297236351e+00
  -1.58985641093835816662e+01
  -1.72664349787987845275e+01
  -1.70750118456170056902e+01
  -1.59490949404897914832e+01
  -1.38359362013408180303e+01
  -1.01494818273570412970e+01
  -6.42660144293821122830e+00
  -1.34642533338736534176e+01
  -2.08835027421211876231e+01
  -2.82327488757199098757e+01
  -4.02911172349611774735e+01
  -3.99145419819343274526e+01
  -3.19127761758780970069e+01
  -2.83253608677487669354e+01
  -2.59864977075061247547e+01
  -2.42015079160885768772e+01
  -2.27068507073993970380e+01
  -2.13752504873992563716e+01
  -2.01352226570758929824e+01
  -1.89418278250914227101e+01
  -1.77640264997354222487e+01
  -1.65785234268894221543e+01
  -1.53665206241598539805e+01
  -1.41119567222280561936e+01
  -1.28006714202789382284e+01
  -1.14203863495913875425e+01
  -9.96177741701987251588e+00
  -8.42143090239953551190e+00
  -6.80826084534432318662e+00
  -5.15575288748177484877e+00
  -3.54101152048495348978e+00
  -2.10087573822045081684e+00
  -1.00957007102330176274e+00
  -3.83122844524803052302e-01
  -1.81823945375791440338e-01
  -2.42311944191991313069e-01
  -3.93072621474064354263e-01
  -5.20198379937808819129e-01
  -5.69479868238225606092e-01
  -5.29866546765387136375e-01
  -4.21904163801208542672e-01
  -2.93505568065671684774e-01
  -2.17011568988560887838e-01
  -2.77752209023040597113e-01
  -5.47212808832987618324e-01
  -1.05071839945467337962e+00
  -1.75619781801889973671e+00
  -2.59540708338443959491e+00
  -3.49684192017318462575e+00
  -4.40662396889102137010e+00
  -5.29359144205888032531e+00
  -6.14616354218303850843e+00
  -6.96740937871931009795e+00
  -7.77076830216740610524e+00
  -8.57649484390501015696e+00
  -9.40814564581974721591e+00
  -1.02886049276872562075e+01
  -1.12358582552642793928e+01
  -1.22595358178418312178e+01
  -1.33594983279421786193e+01
  -1.45270293643269923223e+01
  -1.57479808187529535246e+01
  -1.70064666364908703144e+01
  -1.82878759655936384831e+01
  -1.95806891210231803768e+01
  -2.08772094801165621902e+01
  -2.21736006463844930181e+01
  -2.34696159710224208084e+01
  -2.47682960052844727272e+01
  -2.60758012743744735928e+01
  -2.74014845457713676069e+01
  -2.87582939814871672013e+01
  -3.01636364605827438368e+01
  -3.16409340508173784201e+01
  -3.32223288151362083909e+01
  -3.49534767479930437162e+01
  -3.69025279301454460779e+01
  -3.91784986639570149691e+01
  -4.19740971308918275895e+01
  -4.56878032520206645017e+01
  -5.14203230134113340455e+01
  -6.64085806639153446440e+01
  -5.75019121545542475360e+01
  -5.18145841251801115845e+01
  -5.08493715811694713125e+01
  -5.63366162156662397820e+01
  -5.02996747310341092430e+01
  -3.64256590626507730235e+01
  -2.60206310771995887876e+01
  -1.26491178093727505427e+01
  -8.27071427144512227869e+00
  -1.44508593579119128947e+01
  -1.59971452888830114603e+01
  -1.61721373502578238401e+01
  -1.56341387181554036800e+01
  -1.45531970977537881140e+01
  -1.29020958695558967122e+01
  -1.05561970404670582013e+01
  -8.00478521336840564970e+00
  -9.29858134989552453931e+00
  -1.45593507404417294993e+01
  -2.00773348016318706755e+01
  -2.60071148143644990114e+01
  -3.45622444208881631766e+01
  -4.81364316198135995251e+01
  -3.32118218049188982377e+01
  -2.85842114770415065550e+01
  -2.57986098293932926140e+01
  -2.37528560120192544503e+01
  -2.20752558173487578586e+01
  -2.05952929558690911449e+01
</dep>
<dep S[1,1] frequency>
  -9.52388493675332736821e-01+j3.04533279738507356438e-01
  -9.16004015183013997614e-01+j4.00813082232846951136e-01
  -8.69696532738385985617e-01+j4.93213864350896757927e-01
  -8.13776977583346772249e-01+j5.80776169629088068191e-01
  -7.48631338980334293254e-01+j6.62546801446924460421e-01
  -6.74723753630418476845e-01+j7.37580980747906456152e-01
  -5.92600331523334578065e-01+j8.04944886043592933156e-01
  -5.02893760592131866538e-01+j8.63718725746693616330e-01
  -4.06328754933532709792e-01+j9.13000508348567496597e-01
  -3.03728427001779877070e-01+j9.51910704480010805284e-01
  -1.96021680805799125569e-01+j9.79598036898790991422e-01
  -8.42517427183762934728e-02+j9.95246693858305331304e-01
  +3.04140308569317008303e-02+j9.98085344849270250656e-01
  +1.46672905449294316282e-01+j9.87398455445837486266e-01
  +2.63073894505872041272e-01+j9.62540564611463089761e-01
  +3.78003061937375428592e-01+j9.22954424539620399415e-01
  +4.89666818053543673184e-01+j8.68194240368001413088e-01
  +5.96073096283189940436e-01+j7.97955728179486567520e-01
  +6.95010480732790258962e-01+j7.12115394949631941302e-01
  +7.84025751293392803021e-01+j6.10782414896891445721e-01
  +8.60401107618242733110e-01+j4.94367835712365644163e-01
  +9.21133854421584796768e-01+j3.63677707189780652364e-01
  +9.62924157151883619576e-01+j2.20039158495101028201e-01
  +9.82181608598311939318e-01+j6.54713654690257385038e-02
  +9.75070449382234194502e-01-j9.70838418281877724159e-02
  +9.37628962149855915698e-01-j2.63456114903348526113e-01
  +8.66024365768628512363e-01-j4.27855625208719503316e-01
  +7.57043768112746096044e-01-j5.82410267255280555965e-01
  +6.08972313678080912069e-01-j7.16706385404021650842e-01
  +4.23049074960449189575e-01-j8.17546578864026263211e-01
  +2.05642450034033835715e-01-j8.69395712789794439246e-01
  -2.90322900499243863326e-02-j8.56349304184612192259e-01
  -2.56698225202793006705e-01-j7.66668037076637665095e-01
  -4.43806635080907452284e-01-j6.00194369839801122879e-01
  -5.54722772373207551055e-01-j3.76222572851837855357e-01
  -5.66053749837281405810e-01-j1.35319413683480604949e-01
  -4.81270865750344611911e-01+j7.15283409929373670266e-02
  -3.33320824991716946339e-01+j2.03759210876944429902e-01
  -1.70452760869801545063e-01+j2.47995536426348972547e-01
  -3.55251825270251619937e-02+j2.19095118308485492520e-01
  +4.72469900219964697441e-02+j1.48276718623339409664e-01
  +7.40020749920198839256e-02+j6.91111490910215481298e-02
  +5.60548680917152611358e-02+j8.30888930627490807090e-03
  +1.32570883971982293736e-02-j1.81753162386898287073e-02
  -3.16613758295693700773e-02-j5.83206828253356179825e-03
  -5.75847704520426884045e-02+j3.92190240713364279834e-02
  -4.87852268701649133265e-02+j1.01974531488401298773e-01
  +1.87705277279118926126e-03+j1.61338398682250805383e-01
  +9.07195336051876133343e-02+j1.94150130062291537136e-01
  +2.02705582781558230065e-01+j1.80247881983733232447e-01
  +3.13285339813096586070e-01+j1.07783241773866236835e-01
  +3.92794048726150701878e-01-j2.24425011253664187516e-02
  +4.12881503126256432790e-01-j1.94931535053028071047e-01
  +3.53768820481085322083e-01-j3.80725635292088138151e-01
  +2.10636800086933140275e-01-j5.42304358439368972000e-01
  -2.80168659099842495830e-03-j6.41656175824630858884e-01
  -2.55313677219541623753e-01-j6.49878237126057634043e-01
  -5.04480093512167715453e-01-j5.55457891565012129576e-01
  -7.07040838022649831274e-01-j3.67982667257733819799e-01
  -8.29733175898798136494e-01-j1.15379628471344780616e-01
  -8.56450840905693899785e-01+j1.64307459188477500422e-01
  -7.89363912870258865873e-01+j4.32994802657906352472e-01
  -6.44728775991714075921e-01+j6.60513764136720915587e-01
  -4.46234739691143633689e-01+j8.28337332771858725344e-01
  -2.18789476224414747296e-01+j9.29350164768030784224e-01
  +1.56635908428368886280e-02+j9.65278333824677314823e-01
  +2.40096276002665282023e-01+j9.43452837751648676345e-01
  +4.42689542275666148008e-01+j8.73967768643771680814e-01
  +6.16204589986006356916e-01+j7.67640227253918672190e-01
  +7.57004081163141107069e-01+j6.34763372269540826487e-01
  +8.64064399857306986164e-01+j4.84470427827256577835e-01
  +9.38135271524077274385e-01+j3.24502781625287228806e-01
  +9.81090396363168859573e-01+j1.61213902787106844183e-01
  +9.95457031065943853676e-01-j3.07227026753592591390e-04
  +9.84091674140919137059e-01-j1.56065157424141010001e-01
  +9.49966118851315766136e-01-j3.02979940512096312943e-01
  +8.96032737710498738970e-01-j4.38722326416471741783e-01
  +8.25144546656514044081e-01-j5.61570593640712267813e-01
  +7.40011962544777079920e-01-j6.70290927697258398510e-01
  +6.43183382581138385348e-01-j7.64040026083498635678e-01
  +5.37040669261654057820e-01-j8.42287227987533193563e-01
  +4.23803488180523824091e-01-j9.04753075780095450398e-01
  +3.05538457544585417835e-01-j9.51361303061796892422e-01
  +1.84170450476328351197e-01-j9.82201522141927463316e-01
  +6.14943240047379352520e-02-j9.97500190131007657968e-01
  -6.08140347095467437288e-02-j9.97597667629940731970e-01
  -1.81188063393382448041e-01-j9.82929259869083304935e-01
  -2.98162785946960717798e-01-j9.54007912044703476617e-01
  -4.10369459881796738721e-01-j9.11405414990035800393e-01
  -5.16533395976945253203e-01-j8.55726751443339206382e-01
  -6.15476934814285225883e-01-j7.87566082803052514016e-01
  -7.06133867152468730488e-01-j7.07413797996107041044e-01
  -7.87599297017655408659e-01-j6.15410713162464650949e-01
  -8.59333824065781515245e-01-j5.10450367569203589113e-01
  -9.22447010045064130779e-01-j3.84111721402396688596e-01
  -4.37280542624873480584e-01-j3.98081145462613028574e-01
  -9.76034228746530452270e-01-j1.93960362037399303148e-01
  -9.95389860201573495324e-01-j2.52032572939765442399e-02
  -9.73964127642695021159e-01+j1.91741704574366067515e-01
  -5.72346202546252458276e-01+j7.55644704981651260667e-01
  -9.47386944974362932292e-01-j2.83488058199890702316e-01
  -9.91593141182165571657e-01+j1.17561415515290007550e-01
  -9.52077485019987124204e-01+j3.03211534589836406717e-01
  -8.95748919093026341187e-01+j4.42745156159420949482e-01
  -8.26767656629622593734e-01+j5.60864431322783740796e-01
  -7.46313099120032186207e-01+j6.63883206839262274279e-01
  -6.55317267620062038347e-01+j7.53530604978008833328e-01
  -5.54795928298414176005e-01+j8.29990839859514051291e-01
  -4.45902581433024081115e-01+j8.92849043002389985979e-01
  -3.29934168554120388350e-01+j9.41456800335513488420e-01
  -2.08326848237532002983e-01+j9.75096630544178055722e-01
  -8.26506835477788803779e-02+j9.93064532210914396870e-01
  +4.53935368672661876399e-02+j9.94714557186504366726e-01
  +1.73973069837119881376e-01+j9.79483965308420634344e-01
  +3.01115079247767314374e-01+j9.46908103163286218873e-01
  +4.24688401778183566293e-01+j8.96630779007253186919e-01
  +5.42371011035450489857e-01+j8.28415406857881064795e-01
  +6.51597626240427718614e-01+j7.42163752717152291893e-01
  +7.49480336619883669158e-01+j6.37953092620969441917e-01
  +8.32693840585494671203e-01+j5.16110368442817324386e-01
  +8.97317706863569597431e-01+j3.77356230431272199333e-01
  +9.38636043809327080822e-01+j2.23077200726613661397e-01
  +9.50923476463233940947e-01+j5.58263365833510383229e-02
  +9.27327731956832712612e-01-j1.19787253963201917317e-01
  +8.60162427823280562045e-01-j2.95611903658046237808e-01
  +7.42357306464756061537e-01-j4.57773183929788995972e-01
  +5.71480869770739197122e-01-j5.84434828571636533212e-01
  +3.57844230287989839567e-01-j6.46363956163394481891e-01
  +1.34632656448877535693e-01-j6.16661200942172471606e-01
  -4.24653716597712116432e-02-j4.93745325371301779782e-01
  -1.23157578428275460425e-01-j3.21025837974653782680e-01
  -1.02942853923117916271e-01-j1.68950409626198838620e-01
  -2.66013122574137450549e-02-j8.66091806882449549709e-02
  +4.94751238346354815789e-02-j7.77406832557921145810e-02
  +8.85727264337560077356e-02-j1.15798479997546097109e-01
  +7.86395597312402050427e-02-j1.66712716654519144122e-01
  +2.52329540946142072411e-02-j2.00750068277684601270e-01
  -5.48016691113402121260e-02-j1.96063506808875492871e-01
  -1.36616452447341385490e-01-j1.40427545940334547181e-01
  -1.90156197315350383725e-01-j3.43216362259014737268e-02
  -1.85816110746788554220e-01+j1.05205787441705930774e-01
  -1.04557205922673410181e-01+j2.43751592820105805748e-01
  +5.06328665129270674705e-02+j3.36850739826065670446e-01
  +2.50021521643245259181e-01+j3.45881735943757928631e-01
  +4.45439805410618339110e-01+j2.54514994225309765241e-01
  +5.87786109748522411778e-01+j7.48119108019265899312e-02
  +6.42465291878927202696e-01-j1.59581263673474915699e-01
  +5.95473700094076185962e-01-j4.05990319827968904054e-01
  +4.51547062999436199515e-01-j6.23110079865078936301e-01
  +2.29474874624473967888e-01-j7.76733702511170687188e-01
  -4.21238816311486491406e-02-j8.42442085048991984308e-01
  -3.28219441028292480134e-01-j8.07456345131751462851e-01
  -5.91166260350773797860e-01-j6.72439477357264392410e-01
  -7.95856299955544854718e-01-j4.52396013414118725038e-01
  -9.15833059196376364497e-01-j1.75069207743657861975e-01
  -9.38428017773623057707e-01+j1.24033146592736565061e-01
  -8.66591068377866480255e-01+j4.08968293458412235353e-01
  -7.16456208557741391907e-01+j6.50423315142077962392e-01
  -5.11854430854253417138e-01+j8.29972957408466882612e-01
  -2.78240915998212934301e-01+j9.40640423756727073190e-01
  -3.81159602850302259291e-02+j9.84664071734553503212e-01
  +1.91283131509655368596e-01+j9.70130541476704078008e-01
  +3.98359679279811362829e-01+j9.07833079553854283006e-01
  +5.76394447167695167522e-01+j8.09003397111965227850e-01
  +7.22357228384584271197e-01+j6.83987472039911392763e-01
  +8.35738905880553994976e-01+j5.41654323646536317582e-01
  +9.17601635290347106277e-01+j3.89270398651134497126e-01
  +9.69889098134588456546e-01+j2.32621527531413380130e-01
  +9.94965434254856506691e-01+j7.62380793662314204528e-02
  +9.95328967135187925308e-01-j7.63590234869539197238e-02
  +9.73448761381090377220e-01-j2.22431846351479389767e-01
  +9.31682557604000649576e-01-j3.59834265241645190336e-01
  +8.72246093274005040996e-01-j4.86858865646834781948e-01
  +7.97213371783784374713e-01-j6.02118816839557813303e-01
  +7.08534490468139876995e-01-j7.04459536094421467922e-01
  +6.08062469845860764650e-01-j7.92894718477606730289e-01
  +4.97583656038444510639e-01-j8.66561810465721560348e-01
  +3.78848174109639168616e-01-j9.24692648818804197042e-01
  +2.53597947160311809611e-01-j9.66595419321361060128e-01
  +1.23590170102143001585e-01-j9.91644015398273515061e-01
  -9.38615298662315300504e-03-j9.99269814829147340340e-01
  -1.43504300697265246844e-01-j9.88947679594348816323e-01
  -2.76911958265492030851e-01-j9.60159214120867243736e-01
  -4.07779723477300737322e-01-j9.12290438510605428135e-01
  -5.34441306868292942411e-01-j8.44330973183347377464e-01
  -6.55832791876638121487e-01-j7.53839168971599749014e-01
  -7.73268296572615088103e-01-j6.31939572382944292350e-01
  -8.99168468825686795221e-01-j4.07782193327317132869e-01
  -6.92399719453088424714e-01-j6.20136610377618691103e-01
  -9.17454616107989617824e-01-j3.61011085524906738531e-01
  -9.75548900620131220762e-01-j1.65903442195887484978e-01
  -9.88294066635060808323e-01+j3.83937094808421974790e-02
  -9.47553170469083827498e-01+j2.72000063557576554629e-01
  -7.99722574401617203321e-01+j5.61005722556429553549e-01
  -2.87219234030321957096e-01+j8.99804112021834634483e-01
  +8.09336551207115117990e-01-j2.84537230452325040631e-01
  -7.65988317309781563402e-01-j5.96118138880648573696e-01
  -9.92687115779171458385e-01-j3.04682356345580829249e-02
  -9.54764856107927828432e-01+j2.88804073864240062886e-01
  -8.63402139879137053846e-01+j5.01706277276064427362e-01
  -7.50810426899464200545e-01+j6.58662984687169994480e-01
  -6.25698291327010935881e-01+j7.78291343320438588904e-01
  -4.92096330744032139926e-01+j8.68557628112681334720e-01
  -3.52829180307335343869e-01+j9.33332387850758227188e-01
  -2.10336780062275574554e-01+j9.74752446982375952977e-01
  -6.68925423518479944640e-02+j9.94180680751532652728e-01
  +7.53358030882657903060e-02+j9.92624200642741372214e-01
  +2.14262540795507050451e-01+j9.70918238723342930108e-01
  +3.47858466875614780189e-01+j9.29800209329838533989e-01
  +4.74107013459188098015e-01+j8.69930667898662135507e-01
  +5.90930571163915674404e-01+j7.91891200065906519789e-01
  +6.96073721392110877915e-01+j6.96180378861696036452e-01
  +7.86923885533358236088e-01+j5.83231650404036683355e-01
  +8.60240471543447182690e-01+j4.53493878464494737379e-01
  +9.11755254032421524890e-01+j3.07657855020068982110e-01
  +9.35618703035279719593e-01+j1.47205848011518564133e-01
  +9.23769703891223703529e-01-j2.43526891703433057135e-02
  +8.65718649920804494968e-01-j1.98910230736504822779e-01
  +7.50480124404862780629e-01-j3.59161327088723669743e-01
  +5.74904179186410679847e-01-j4.73296578810519563696e-01
  +3.62704953442055944013e-01-j4.98718298907546764287e-01
  +1.79886260469299313902e-01-j4.14344668548272121456e-01
  +9.94862292967703121249e-02-j2.66913065729613263599e-01
  +1.26625407183853816440e-01-j1.47974999266224316319e-01
  +1.98512040740362688540e-01-j1.09675467461322895257e-01
  +2.52171549159235841575e-01-j1.42409827968752372707e-01
  +2.56687305006014776509e-01-j2.10722340083781378706e-01
  +2.05902295736924700886e-01-j2.79072222131111713495e-01
  +1.07618416456659482527e-01-j3.17097321494541173337e-01
  -1.90311507762361276086e-02-j2.98857610990998945333e-01
  -1.40757818963855529937e-01-j2.05962758474945689668e-01
  -2.09484642790906339105e-01-j3.90626967834673474722e-02
  -1.75629296599378981192e-01+j1.66191447689345739303e-01
  -2.00400373844844270632e-02+j3.38306015440957230656e-01
  +2.19990276736246992417e-01+j4.03781203865757165605e-01
  +4.67285325691798258951e-01+j3.33083087273283673380e-01
  +6.51233530046818831494e-01+j1.50420072378703972849e-01
  +7.35635549198843996521e-01-j9.38744773267005672146e-02
  +7.15020682668089380130e-01-j3.51095974564896162740e-01
  +6.00136682222222050953e-01-j5.84233703699567952228e-01
  +4.08069440685088768994e-01-j7.66548336724187651114e-01
  +1.59089207278952982083e-01-j8.77808969326023258439e-01
  -1.22703913994348767780e-01-j9.02559625024782263836e-01
  -4.08064190800727366604e-01-j8.31442434207406599889e-01
  -6.63164855843882072861e-01-j6.64887986126970531586e-01
  -8.53748559328658229717e-01-j4.17022547236769347556e-01
  -9.52631940840031887774e-01-j1.16546471234873952327e-01
  -9.47499171047784138899e-01+j1.97897624033423813472e-01
  -8.44463100766244423312e-01+j4.87026786011337475824e-01
  -6.64996788148649597971e-01+j7.20499053310039494491e-01
  -4.38149174757897108545e-01+j8.82152230376747614748e-01
  -1.92421557572595436358e-01+j9.69556653797819634200e-01
  +4.94269543651173759446e-02+j9.89907217013602291900e-01
  +2.72036781775810587725e-01+j9.55178709902654965447e-01
  +4.66709006685905980483e-01+j8.78391270126306578092e-01
  +6.29691588062733509368e-01+j7.71454313984507589197e-01
  +7.60432927777184852758e-01+j6.44278652398034168414e-01
  +8.60204889121536808716e-01+j5.04658080301015332658e-01
  +9.31161777206303220566e-01+j3.58518437080663721073e-01
  +9.75760263335907707116e-01+j2.10287769570922766782e-01
  +9.96434699803503298732e-01+j6.32636206953457180813e-02
  +9.95437043470682070279e-01-j8.00721630968357911406e-02
  +9.74776144795880927774e-01-j2.17802559775955750787e-01
  +9.36213897381445114831e-01-j3.48383381994896434986e-01
  +8.81292330213257812943e-01-j4.70499802088865548555e-01
  +8.11376664729396734899e-01-j5.82960785859303998180e-01
  +7.27706108966499010116e-01-j6.84622499974861797867e-01
  +6.31448069404784040337e-01-j7.74333845048979507730e-01
  +5.23753495560089987748e-01-j8.50899110249546231088e-01
  +4.05811820245942089791e-01-j9.13054016937446033531e-01
  +2.78903668169640073238e-01-j9.59451787417478718645e-01
  +1.44448043883047022584e-01-j9.88654636583617074663e-01
  +4.03724634662042114464e-03-j9.99121345982829200949e-01
  -1.40555438684902556101e-01-j9.89167658653237413802e-01
  -2.87432355598896460691e-01-j9.56833541717858615527e-01
  -4.34801190392280045849e-01-j8.99438274766109158165e-01
  -5.81776036926138662153e-01-j8.11895254228937934826e-01
  -7.31679200360138337622e-01-j6.77837016317798912723e-01
  -9.00202439705007462223e-01-j3.56598448270699752705e-01
  -5.87394776517839223295e-01-j7.04524037134805269922e-01
  -8.76713209637172807831e-01-j4.38589091595804003720e-01
  -9.60944948941900523032e-01-j2.20769782515399470846e-01
  -9.86440004007774873251e-01+j2.11134644212046529432e-03
  -9.54705239857945864301e-01+j2.41006173588052041712e-01
  -8.44033461769029713651e-01+j4.98690343605894981227e-01
  -5.97170652075803998216e-01+j7.65874245711025913863e-01
  -6.66645630187611137885e-02+j9.47339565197409139152e-01
  +8.16801610125673871465e-01+j3.90519332561146015337e-01
  +1.15542213289914541541e-01-j9.19676342683839131986e-01
  -8.39745973048307225994e-01-j4.98016467589250333425e-01
  -9.90897490059806318463e-01+j3.84074499618149989288e-02
  -9.18081851549777172572e-01+j3.87095106615792827753e-01
  -7.82901930058583550576e-01+j6.18824434152329794223e-01
  -6.26285163617724571772e-01+j7.77527611460338774485e-01
  -4.61963019604326396994e-01+j8.85024434014142880045e-01
  -2.96218359071879544508e-01+j9.53030487523500613456e-01
  -1.32795570226111742107e-01+j9.88587281858139932389e-01
  +2.56531389142608048926e-02+j9.96406038928805193322e-01
  +1.77063214283498443491e-01+j9.79917437110619848895e-01
  +3.19734350995681426699e-01+j9.41758451589142508986e-01
</dep>
<dep S[1,2] frequency>
  +1.94241877887368083813e-03+j7.17845638590399771906e-03
  +3.44651394357703769189e-03+j9.38221852031681860518e-03
  +5.38424035090708918289e-03+j1.14325692925178138554e-02
  +7.75944244398572586380e-03+j1.32846652492197708773e-02
  +1.05759573562219811454e-02+j1.48893663342524532056e-02
  +1.38371213745242787468e-02+j1.61922210952018391650e-02
  +1.75451145014883722051e-02+j1.71323330564322300062e-02
  +2.17000956691781321517e-02+j1.76410890359567397445e-02
  +2.62990666455909863353e-02+j1.76407286028459169003e-02
  +3.13343833311372707562e-02+j1.70427337276802363941e-02
  +3.67918072928753100981e-02+j1.57460196037293373439e-02
  +4.26479558082726098456e-02+j1.36349130123915047302e-02
  +4.88669623943664074850e-02+j1.05769158820680272276e-02
  +5.53960977829949033358e-02+j6.42027281163120612517e-03
  +6.21600183139304623969e-02+j9.91398762455710435768e-04
  +6.90531980418443575021e-02-j5.90771262565461304644e-03
  +7.59299543249179753612e-02-j1.45018715001638213297e-02
  +8.25912852726503332601e-02-j2.50444567056108575998e-02
  +8.87674933857333509080e-02-j3.78178585127119867848e-02
  +9.40952717949293943045e-02-j5.31314091106899269445e-02
  +9.80875954913835307325e-02-j7.13148198725670201537e-02
  +1.00094454025002999042e-01-j9.27038643018531505202e-02
  +9.92523527893227758279e-02-j1.17612994567197204354e-01
  +9.44209882498069918988e-02-j1.46286348364496637808e-01
  +8.41074145563003028325e-02-j1.78813660935364437954e-01
  +6.63830983954206699238e-02-j2.14990439564047952636e-01
  +3.88108507411655603847e-02-j2.54092473671623242382e-01
  -1.57735396829180836778e-03-j2.94525676993712737239e-01
  -5.81653142974029660484e-02-j3.33312031383366957904e-01
  -1.34338773285572726790e-01-j3.65404279879601945336e-01
  -2.32514525885617495682e-01-j3.82935782630012433447e-01
  -3.52306997396783228016e-01-j3.74783896455047116358e-01
  -4.87744156774865156301e-01-j3.27287115685713281277e-01
  -6.24291247348420230701e-01-j2.27346564189677163847e-01
  -7.37986452668870418492e-01-j6.85593226446772618932e-02
  -7.99872376567896559152e-01+j1.41606280640396348103e-01
  -7.86257046836728257233e-01+j3.79024142318812817809e-01
  -6.89238514232728527453e-01+j6.09073501104645309567e-01
  -5.19519486942350283698e-01+j7.98898088498010583436e-01
  -2.99989306696534618890e-01+j9.27085987471056638398e-01
  -5.62803327185252486031e-02+j9.85597952723406889319e-01
  +1.89467287525653227398e-01+j9.76046759462809054853e-01
  +4.20304075339859695148e-01+j9.04967251316947773887e-01
  +6.23516785928039052322e-01+j7.80740150390461740137e-01
  +7.89091948390507447186e-01+j6.12473353925964691946e-01
  +9.08710047981896029690e-01+j4.10124188234689379673e-01
  +9.75583258829837318693e-01+j1.85057527119502657209e-01
  +9.85023410850692560103e-01-j4.95616960963813635299e-02
  +9.35422681146742540648e-01-j2.78909472309937678247e-01
  +8.29242131826131489980e-01-j4.87313120125559939844e-01
  +6.73621632112020418681e-01-j6.59639488896961334596e-01
  +4.80351065347754513368e-01-j7.82994719626523227873e-01
  +2.65124859577264282429e-01-j8.48406828853114247657e-01
  +4.61456389402211883399e-02-j8.52208775213835645346e-01
  -1.57804367529905120726e-01-j7.96908320842080075685e-01
  -3.29684555131328660416e-01-j6.91329348241734753522e-01
  -4.56650341463434805700e-01-j5.49761740181311631126e-01
  -5.32121474214374945433e-01-j3.89940296074428094375e-01
  -5.56740273660716433746e-01-j2.30054268224524044451e-01
  -5.37677363517511386348e-01-j8.55499378509246427571e-02
  -4.86396205270644477192e-01+j3.32145562771025762427e-02
  -4.15711710081969665342e-01+j1.21726527174164586564e-01
  -3.37214981624149923167e-01+j1.80516488818288828311e-01
  -2.59755112775235441624e-01+j2.13459633780303609241e-01
  -1.89049180356601537190e-01+j2.25976208222271157666e-01
  -1.28069137773454549967e-01+j2.23649413433925636774e-01
  -7.77636769437553554418e-02+j2.11412276599804105359e-01
  -3.77927724710396747976e-02+j1.93213901489945244494e-01
  -7.11751795131582935122e-03+j1.71994294649862267121e-01
  +1.55915857226197416413e-02+j1.49814324120467468049e-01
  +3.17039204079323788665e-02+j1.28037824912323405790e-01
  +4.24929969188596462493e-02+j1.07509905507059522201e-01
  +4.90755261055238825585e-02+j8.87076149281053882856e-02
  +5.23948240330714895552e-02+j7.18571873539935318531e-02
  +5.32279954637384852822e-02+j5.70205431851908417507e-02
  +5.22041584100043087879e-02+j4.41567106906508369257e-02
  +4.98263746485869407632e-02+j3.31641265772968929504e-02
  +4.64933896041690511436e-02+j2.39089728330537480694e-02
  +4.25193413994676971956e-02+j1.62436151510622767136e-02
  +3.81507601286659517315e-02+j1.00181768372432020153e-02
  +3.35807927334247080520e-02+j5.08743150673423346481e-03
  +2.89608849649210901844e-02+j1.31454201231034060494e-03
  +2.44102723088307389798e-02-j1.42731635429907540921e-03
  +2.00236623500577061441e-02-j3.25477472506307966352e-03
  +1.58774833526737803313e-02-j4.27514217370368945770e-03
  +1.20350608655224924209e-02-j4.58819568846540598583e-03
  +8.55109353288589085773e-03-j4.28905442991342217979e-03
  +5.47586874232892841657e-03-j3.47279216998982011647e-03
  +2.85986710870911363738e-03-j2.24246430660132245807e-03
  +7.59957458782878564688e-04-j7.24760071523789677940e-04
  -7.50101329116725280312e-04+j8.95295673646883229460e-04
  -1.55749889679872494976e-03+j2.28519118106946823171e-03
  -1.45227812261959805806e-03+j2.68776137101803345303e-03
  +7.08890090342473679682e-05-j2.31513928131731413660e-04
  +4.77687439197294408388e-03-j1.88625337718140266563e-02
  -7.23234392051729457762e-01+j2.63181165828475616131e-01
  -1.29723294424966412164e-02+j9.08380190831784284367e-02
  +3.71850510932661697423e-04+j8.48621340820817499084e-02
  +1.85272383758933699427e-02+j1.09711592082458578301e-01
  +1.64215987161026866215e-01+j2.36245431225125007701e-01
  +4.14191079471204568613e-03-j1.17122385573326756592e-01
  -5.27279423917932903859e-03-j2.28061186996541091776e-02
  +9.37002594664993609941e-04+j2.09377701939244317136e-03
  +7.57993016814280384796e-03+j1.37930117226799341112e-02
  +1.44423959607653494552e-02+j2.05185484977356107084e-02
  +2.16580582522106455945e-02+j2.45720387243833424118e-02
  +2.93173313169244366405e-02+j2.67792906838625818788e-02
  +3.74661936264196956947e-02+j2.74498200560162330941e-02
  +4.61188112763495430824e-02+j2.66665186273627001501e-02
  +5.52638980861961601199e-02+j2.43915446833059788856e-02
  +6.48658588089242454933e-02+j2.05089849153673418891e-02
  +7.48619529508961351061e-02+j1.48416971449403245487e-02
  +8.51556863751691539566e-02+j7.15583684931483769709e-03
  +9.56057603333151789782e-02-j2.84150864249894333918e-03
  +1.06009053662244903671e-01-j1.55091648993528896661e-02
  +1.16075064690992088567e-01-j3.12818304544712141868e-02
  +1.25387767039961212090e-01-j5.06817718819637039185e-02
  +1.33348669734723035418e-01-j7.43298158102073253106e-02
  +1.39091704718978165234e-01-j1.02950495944786959979e-01
  +1.41356147548130667291e-01-j1.37360383575048844440e-01
  +1.38298389683807365635e-01-j1.78416628749957090205e-01
  +1.27219319265285540910e-01-j2.26878688561122365819e-01
  +1.04189960106609080803e-01-j2.83089770764313186646e-01
  +6.36001900103174699908e-02-j3.46301301833763064408e-01
  -2.19652809875904011724e-03-j4.13339726211681746104e-01
  -1.02564062687517831840e-01-j4.76226516786530384984e-01
  -2.46153010766890029126e-01-j5.18689549263012250613e-01
  -4.33910728166209846979e-01-j5.13311760014422691079e-01
  -6.46569581031254947412e-01-j4.25455339242872820904e-01
  -8.35281913071161952189e-01-j2.32616428353330184642e-01
  -9.36462667854559449587e-01+j4.73462833167827001901e-02
  -9.12816322225153853331e-01+j3.53797285488819224231e-01
  -7.76699263005973472573e-01+j6.21470360657557563400e-01
  -5.69402099843030029547e-01+j8.15545973646856436901e-01
  -3.29727078700886078177e-01+j9.31630953902762071195e-01
  -8.17420087783100879353e-02+j9.78410406714596003752e-01
  +1.62051699060954540466e-01+j9.64747690177482852825e-01
  +3.93704669110436722423e-01+j8.95233088483534333868e-01
  +6.04131915002969477335e-01+j7.71011261951402460113e-01
  +7.79900849054032674346e-01+j5.93422398989550403670e-01
  +9.03224015660337498090e-01+j3.69107653961704307299e-01
  +9.56092504890296845943e-01+j1.14558574468181670336e-01
  +9.27887437539952175669e-01-j1.43305743951403524727e-01
  +8.22336425053972308596e-01-j3.73027625089094982958e-01
  +6.58270830621177305275e-01-j5.48656862739460793321e-01
  +4.62954599553233592246e-01-j6.57370596350816294162e-01
  +2.62893712457033745800e-01-j7.00154036514753941312e-01
  +7.78576878778604597464e-02-j6.87068434669201200116e-01
  -8.03030926640531522720e-02-j6.31581101290599411513e-01
  -2.05935675940830759112e-01-j5.46865264870002310005e-01
  -2.97301132966502457133e-01-j4.44409803795478397515e-01
  -3.54982243228716409789e-01-j3.34015684227220610580e-01
  -3.81201665416986634760e-01-j2.24176272520886205042e-01
  -3.79720082168081785046e-01-j1.22210937135516908847e-01
  -3.55809333542429440111e-01-j3.39650802055753014974e-02
  -3.15896902609878071910e-01+j3.67249618934312807572e-02
  -2.66786013417420031502e-01+j8.84031419668542678414e-02
  -2.14693454922526616446e-01+j1.21890171286962500918e-01
  -1.64483672552417498069e-01+j1.39692491339435176378e-01
  -1.19342754965135369738e-01+j1.45175766746317103095e-01
  -8.08855253269057383747e-02+j1.41809303401894654106e-01
  -4.95212211073054395238e-02+j1.32663370953982090450e-01
  -2.48830497473894324267e-02+j1.20181888213381521391e-01
  -6.19592836692703635010e-03+j1.06157823095899481181e-01
  +7.46360846158381548848e-03+j9.18186387108876067575e-02
  +1.70101217176511360085e-02+j7.79503267951170281114e-02
  +2.32689020203000890286e-02+j6.50187286445954443215e-02
  +2.69451816369746036117e-02+j5.32703485758570932651e-02
  +2.86215382974461113319e-02+j4.28087126384266991597e-02
  +2.87692306571285250083e-02+j3.36487665918859604752e-02
  +2.77649653238680182987e-02+j2.57538917716974707917e-02
  +2.59085201760497485513e-02+j1.90601043401724713766e-02
  +2.34390546297911991913e-02+j1.34912025901820983864e-02
  +2.05492969659568369689e-02+j8.96767531599816994370e-03
  +1.73975104713350384178e-02+j5.41133366125170090638e-03
  +1.41174834663988710282e-02+j2.74693930402843469740e-03
  +1.08269435930332686563e-02+j9.01545589196321955731e-04
  +7.63487996048218403589e-03-j1.98227906905739292755e-04
  +4.64835429462424811614e-03-j6.31324496217637457299e-04
  +1.97958954327826690614e-03-j4.90966575488730686688e-04
  -2.45390290158170663697e-04+j1.00214094498822029453e-04
  -1.87413733670075484568e-03+j9.62044013490421677168e-04
  -2.70583120523603271740e-03+j1.79930976944868989756e-03
  -2.44663551528896639972e-03+j2.06948604310637843118e-03
  -6.03770030331428233898e-04+j6.27973801207612611006e-04
  +3.81416511957641691383e-03-j5.45620533353105389984e-03
  +1.33316051431722516762e-02-j2.65781778902154236510e-02
  +3.13383055052527184636e-02-j1.42001869423539095472e-01
  -2.08097533572282278325e-01+j2.91423512245352400729e-01
  -4.23438326413680884985e-02+j1.54659165481985688695e-01
  -1.29002865960483395491e-02+j1.36377877216355303247e-01
  +9.41109942106557045838e-03+j1.39722544610468818460e-01
  +3.83535048958666968666e-02+j1.54738591169104350298e-01
  +9.12379502030166711357e-02+j1.81711459697594779339e-01
  +2.33530895267617499833e-01+j2.05133946115166748703e-01
  +4.41109950500172209864e-01-j1.81961153329496472253e-01
  +1.71097773374252019873e-02-j2.11529657772176499231e-01
  -2.65429492034475952855e-02-j8.63406751429082047755e-02
  -1.90843932128028845319e-02-j3.37339115145891890735e-02
  -6.02941045917889523187e-03-j7.56060291552608076254e-03
  +7.60014754422625674751e-03+j6.65018710845860592379e-03
  +2.10940850157893752814e-02+j1.40995459819094424297e-02
  +3.43797524728349235268e-02+j1.69861367733591776819e-02
  +4.74675495066632577301e-02+j1.63260475115690091574e-02
  +6.03503890742341717046e-02+j1.25858918393559667676e-02
  +7.29838958574508950283e-02+j5.93331835818092755142e-03
  +8.52782659348858274040e-02-j3.65771408683054997241e-03
  +9.70855984141594519077e-02-j1.63652769946620903208e-02
  +1.08176343070719743755e-01-j3.25099344996759714865e-02
  +1.18198734837103747175e-01-j5.25639234096030028009e-02
  +1.26611762700552216154e-01-j7.71721071721178930591e-02
  +1.32575786956712515785e-01-j1.07178180281037177535e-01
  +1.34774094693666579570e-01-j1.43643641514249159608e-01
  +1.31121584024484733044e-01-j1.87829080068802889425e-01
  +1.18293371671419525470e-01-j2.41062256336059571593e-01
  +9.09886479166246431305e-02-j3.04310791430856486528e-01
  +4.08966730105608869406e-02-j3.77041009177648267503e-01
  -4.43113701548845800859e-02-j4.54498715084592830316e-01
  -1.80296305161421061003e-01-j5.22092856732358279181e-01
  -3.78602312819036446179e-01-j5.46942034685567901597e-01
  -6.24571410216224420786e-01-j4.75795369788215349871e-01
  -8.49801475874251588394e-01-j2.65362468108591542659e-01
  -9.55244891787842442810e-01+j5.53995012722885010747e-02
  -9.00264868980472199311e-01+j3.85384163829955606051e-01
  -7.30077693975962449535e-01+j6.42432978390661268975e-01
  -5.09313133431381181992e-01+j8.08744007530041941756e-01
  -2.75720287838793154389e-01+j9.00607468174662528781e-01
  -4.15013531081612346840e-02+j9.35619313032932220509e-01
  +1.92373617998982754385e-01+j9.20942560552333033819e-01
  +4.24678772386137270978e-01+j8.52684304928662317735e-01
  +6.45234325599727043254e-01+j7.19946940184234884796e-01
  +8.28727980428449195749e-01+j5.14265569010206591294e-01
  +9.36997261693587435438e-01+j2.45119401281048227004e-01
  +9.37692882733138000084e-01-j4.84411689002295711703e-02
  +8.30408106161458325900e-01-j3.09076254004905126571e-01
  +6.51292680260099232648e-01-j4.93161888869892817144e-01
  +4.48603606515425690215e-01-j5.90658240371972120819e-01
  +2.57720300499672372307e-01-j6.16918774248436441177e-01
  +9.50232580038887358898e-02-j5.94554691774101029544e-01
  -3.60209528011116372759e-02-j5.42456655322241743100e-01
  -1.37586145441416868307e-01-j4.73228821996528492555e-01
  -2.13055922387263591000e-01-j3.94507713314668384541e-01
  -2.65171021540681561834e-01-j3.11068851594683393191e-01
  -2.95717012870637396826e-01-j2.26581112012050334137e-01
  -3.06036274050769552257e-01-j1.44713561077745578309e-01
  -2.97895340307063882790e-01-j6.94909076491412869281e-02
  -2.74244504149249390679e-01-j4.89445653917119395671e-03
  -2.39409295410301647955e-01+j4.60299617551728143527e-02
  -1.98526829828717638060e-01+j8.20011248570627765409e-02
  -1.56523470106880946418e-01+j1.03738138218323616702e-01
  -1.17209622457874099166e-01+j1.13496821470824960087e-01
  -8.28909481695160599291e-02+j1.14245466218024546712e-01
  -5.44975975631408343647e-02+j1.08914852704194778377e-01
  -3.19855010493394764648e-02+j9.99528542784717533021e-02
  -1.47641538457857490751e-02+j8.91801100971838095477e-02
  -2.02276415340945769222e-03+j7.78347189846477632846e-02
  +7.06932377854240911325e-03+j6.66949844433312594161e-02
  +1.32619527978295858456e-02+j5.62111485542207273136e-02
  +1.71871011462705197692e-02+j4.66157504726990440380e-02
  +1.93563873366843046397e-02+j3.80053839228033166209e-02
  +2.01743848486219817806e-02+j3.03968970908595863267e-02
  +1.99572665233907486915e-02+j2.37640450097881712754e-02
  +1.89516306317269664361e-02+j1.80603573772198759684e-02
  +1.73513905635456593124e-02+j1.32327179540260263246e-02
  +1.53121709203598004717e-02+j9.22881072218870515678e-03
  +1.29633808038663953660e-02+j6.00047849973235451759e-03
  +1.04184351263382109221e-02+j3.50419089311506141635e-03
  +7.78370449215462327508e-03+j1.69915530627203891639e-03
  +5.16683522815617607415e-03+j5.43007554785952394234e-04
  +2.68519875977345960985e-03-j1.56874840681417115321e-05
  +4.75533290600971877277e-04-j5.00267797485723088010e-05
  -1.29341605276948662037e-03+j3.23375228532766156517e-04
  -2.40164910228239398410e-03+j9.03806621623581656066e-04
  -2.54385904478552932889e-03+j1.32378152310949691144e-03
  -1.25964197512715885344e-03+j8.58981574391910101055e-04
  +2.23302468886447339630e-03-j2.08490832957128379224e-03
  +9.50836084449180329869e-03-j1.17187173101583452101e-02
  +2.44676295560776087268e-02-j4.36040957316687627365e-02
  +4.16793956916758218112e-02-j2.29344495011378685101e-01
  -2.45934219963364647521e-01+j2.97368414849035644920e-01
  -6.05675052936063204601e-02+j1.79490025686132009808e-01
  -2.09619169619031479879e-02+j1.57149543271277308820e-01
  +6.71867765838827981500e-03+j1.55233962508932954449e-01
  +3.67545790894260593351e-02+j1.61169892245023704813e-01
  +7.71502026029593362955e-02+j1.70579079085978302377e-01
  +1.40513193704246974747e-01+j1.77531508458418058050e-01
  +2.53070561366954105420e-01+j1.54707948026654468210e-01
  +3.96287869181352336856e-01-j3.56470321903579120959e-02
  +1.70945125794184027423e-01-j2.97163094098330193837e-01
  -2.10742656261177115085e-02-j1.85891430723210293596e-01
  -4.39887181923368508762e-02-j8.88172212299880997621e-02
  -3.21005342897889706100e-02-j3.84360561122746094420e-02
  -1.44173297775433469775e-02-j1.19123870497114120459e-02
  +3.49615667825711913530e-03+j1.77078306678029543525e-03
  +2.04910130963180531216e-02+j7.57940506029324348458e-03
  +3.63682182510715323875e-02+j7.92239896692299890024e-03
  +5.11357168799906544598e-02+j4.03094665856601995502e-03
  +6.48235530208817467557e-02-j3.47847015545539161446e-03
  +7.74269315069484875824e-02-j1.43614563352976749161e-02
  +8.88749685671951367150e-02-j2.86412430690983835224e-02
</dep>
<dep S[2,1] frequency>
  +1.94241877887368083813e-03+j7.17845638590399771906e-03
  +3.44651394357703769189e-03+j9.38221852031681860518e-03
  +5.38424035090708918289e-03+j1.14325692925178138554e-02
  +7.75944244398572586380e-03+j1.32846652492197708773e-02
  +1.05759573562219811454e-02+j1.48893663342524532056e-02
  +1.38371213745242787468e-02+j1.61922210952018391650e-02
  +1.75451145014883722051e-02+j1.71323330564322300062e-02
  +2.17000956691781321517e-02+j1.76410890359567397445e-02
  +2.62990666455909863353e-02+j1.76407286028459169003e-02
  +3.13343833311372707562e-02+j1.70427337276802363941e-02
  +3.67918072928753100981e-02+j1.57460196037293373439e-02
  +4.26479558082726098456e-02+j1.36349130123915047302e-02
  +4.88669623943664074850e-02+j1.05769158820680272276e-02
  +5.53960977829949033358e-02+j6.42027281163120612517e-03
  +6.21600183139304623969e-02+j9.91398762455710435768e-04
  +6.90531980418443575021e-02-j5.90771262565461304644e-03
  +7.59299543249179753612e-02-j1.45018715001638213297e-02
  +8.25912852726503332601e-02-j2.50444567056108575998e-02
  +8.87674933857333509080e-02-j3.78178585127119867848e-02
  +9.40952717949293943045e-02-j5.31314091106899269445e-02
  +9.80875954913835307325e-02-j7.13148198725670201537e-02
  +1.00094454025002999042e-01-j9.27038643018531505202e-02
  +9.92523527893227758279e-02-j1.17612994567197204354e-01
  +9.44209882498069918988e-02-j1.46286348364496637808e-01
  +8.41074145563003028325e-02-j1.78813660935364437954e-01
  +6.63830983954206699238e-02-j2.14990439564047952636e-01
  +3.88108507411655603847e-02-j2.54092473671623242382e-01
  -1.57735396829180836778e-03-j2.94525676993712737239e-01
  -5.81653142974029660484e-02-j3.33312031383366957904e-01
  -1.34338773285572726790e-01-j3.65404279879601945336e-01
  -2.32514525885617495682e-01-j3.82935782630012433447e-01
  -3.52306997396783228016e-01-j3.74783896455047116358e-01
  -4.87744156774865156301e-01-j3.27287115685713281277e-01
  -6.24291247348420230701e-01-j2.27346564189677163847e-01
  -7.37986452668870418492e-01-j6.85593226446772618932e-02
  -7.99872376567896559152e-01+j1.41606280640396348103e-01
  -7.86257046836728257233e-01+j3.79024142318812817809e-01
  -6.89238514232728527453e-01+j6.09073501104645309567e-01
  -5.19519486942350283698e-01+j7.98898088498010583436e-01
  -2.99989306696534618890e-01+j9.27085987471056638398e-01
  -5.62803327185252486031e-02+j9.85597952723406889319e-01
  +1.89467287525653227398e-01+j9.76046759462809054853e-01
  +4.20304075339859695148e-01+j9.04967251316947773887e-01
  +6.23516785928039052322e-01+j7.80740150390461740137e-01
  +7.89091948390507447186e-01+j6.12473353925964691946e-01
  +9.08710047981896029690e-01+j4.10124188234689379673e-01
  +9.75583258829837318693e-01+j1.85057527119502657209e-01
  +9.85023410850692560103e-01-j4.95616960963813635299e-02
  +9.35422681146742540648e-01-j2.78909472309937678247e-01
  +8.29242131826131489980e-01-j4.87313120125559939844e-01
  +6.73621632112020418681e-01-j6.59639488896961334596e-01
  +4.80351065347754513368e-01-j7.82994719626523227873e-01
  +2.65124859577264282429e-01-j8.48406828853114247657e-01
  +4.61456389402211883399e-02-j8.52208775213835645346e-01
  -1.57804367529905120726e-01-j7.96908320842080075685e-01
  -3.29684555131328660416e-01-j6.91329348241734753522e-01
  -4.56650341463434805700e-01-j5.49761740181311631126e-01
  -5.32121474214374945433e-01-j3.89940296074428094375e-01
  -5.56740273660716433746e-01-j2.30054268224524044451e-01
  -5.37677363517511386348e-01-j8.55499378509246427571e-02
  -4.86396205270644477192e-01+j3.32145562771025762427e-02
  -4.15711710081969665342e-01+j1.21726527174164586564e-01
  -3.37214981624149923167e-01+j1.80516488818288828311e-01
  -2.59755112775235441624e-01+j2.13459633780303609241e-01
  -1.89049180356601537190e-01+j2.25976208222271157666e-01
  -1.28069137773454549967e-01+j2.23649413433925636774e-01
  -7.77636769437553554418e-02+j2.11412276599804105359e-01
  -3.77927724710396747976e-02+j1.93213901489945244494e-01
  -7.11751795131582935122e-03+j1.71994294649862267121e-01
  +1.55915857226197416413e-02+j1.49814324120467468049e-01
  +3.17039204079323788665e-02+j1.28037824912323405790e-01
  +4.24929969188596462493e-02+j1.07509905507059522201e-01
  +4.90755261055238825585e-02+j8.87076149281053882856e-02
  +5.23948240330714895552e-02+j7.18571873539935318531e-02
  +5.32279954637384852822e-02+j5.70205431851908417507e-02
  +5.22041584100043087879e-02+j4.41567106906508369257e-02
  +4.98263746485869407632e-02+j3.31641265772968929504e-02
  +4.64933896041690511436e-02+j2.39089728330537480694e-02
  +4.25193413994676971956e-02+j1.62436151510622767136e-02
  +3.81507601286659517315e-02+j1.00181768372432020153e-02
  +3.35807927334247080520e-02+j5.08743150673423346481e-03
  +2.89608849649210901844e-02+j1.31454201231034060494e-03
  +2.44102723088307389798e-02-j1.42731635429907540921e-03
  +2.00236623500577061441e-02-j3.25477472506307966352e-03
  +1.58774833526737803313e-02-j4.27514217370368945770e-03
  +1.20350608655224924209e-02-j4.58819568846540598583e-03
  +8.55109353288589085773e-03-j4.28905442991342217979e-03
  +5.47586874232892841657e-03-j3.47279216998982011647e-03
  +2.85986710870911363738e-03-j2.24246430660132245807e-03
  +7.59957458782878564688e-04-j7.24760071523789677940e-04
  -7.50101329116725280312e-04+j8.95295673646883229460e-04
  -1.55749889679872494976e-03+j2.28519118106946823171e-03
  -1.45227812261959805806e-03+j2.68776137101803345303e-03
  +7.08890090342473679682e-05-j2.31513928131731413660e-04
  +4.77687439197294408388e-03-j1.88625337718140266563e-02
  -7.23234392051729457762e-01+j2.63181165828475616131e-01
  -1.29723294424966412164e-02+j9.08380190831784284367e-02
  +3.71850510932661697423e-04+j8.48621340820817499084e-02
  +1.85272383758933699427e-02+j1.09711592082458578301e-01
  +1.64215987161026866215e-01+j2.36245431225125007701e-01
  +4.14191079471204568613e-03-j1.17122385573326756592e-01
  -5.27279423917932903859e-03-j2.28061186996541091776e-02
  +9.37002594664993609941e-04+j2.09377701939244317136e-03
  +7.57993016814280384796e-03+j1.37930117226799341112e-02
  +1.44423959607653494552e-02+j2.05185484977356107084e-02
  +2.16580582522106455945e-02+j2.45720387243833424118e-02
  +2.93173313169244366405e-02+j2.67792906838625818788e-02
  +3.74661936264196956947e-02+j2.74498200560162330941e-02
  +4.61188112763495430824e-02+j2.66665186273627001501e-02
  +5.52638980861961601199e-02+j2.43915446833059788856e-02
  +6.48658588089242454933e-02+j2.05089849153673418891e-02
  +7.48619529508961351061e-02+j1.48416971449403245487e-02
  +8.51556863751691539566e-02+j7.15583684931483769709e-03
  +9.56057603333151789782e-02-j2.84150864249894333918e-03
  +1.06009053662244903671e-01-j1.55091648993528896661e-02
  +1.16075064690992088567e-01-j3.12818304544712141868e-02
  +1.25387767039961212090e-01-j5.06817718819637039185e-02
  +1.33348669734723035418e-01-j7.43298158102073253106e-02
  +1.39091704718978165234e-01-j1.02950495944786959979e-01
  +1.41356147548130667291e-01-j1.37360383575048844440e-01
  +1.38298389683807365635e-01-j1.78416628749957090205e-01
  +1.27219319265285540910e-01-j2.26878688561122365819e-01
  +1.04189960106609080803e-01-j2.83089770764313186646e-01
  +6.36001900103174699908e-02-j3.46301301833763064408e-01
  -2.19652809875904011724e-03-j4.13339726211681746104e-01
  -1.02564062687517831840e-01-j4.76226516786530384984e-01
  -2.46153010766890029126e-01-j5.18689549263012250613e-01
  -4.33910728166209846979e-01-j5.13311760014422691079e-01
  -6.46569581031254947412e-01-j4.25455339242872820904e-01
  -8.35281913071161952189e-01-j2.32616428353330184642e-01
  -9.36462667854559449587e-01+j4.73462833167827001901e-02
  -9.12816322225153853331e-01+j3.53797285488819224231e-01
  -7.76699263005973472573e-01+j6.21470360657557563400e-01
  -5.69402099843030029547e-01+j8.15545973646856436901e-01
  -3.29727078700886078177e-01+j9.31630953902762071195e-01
  -8.17420087783100879353e-02+j9.78410406714596003752e-01
  +1.62051699060954540466e-01+j9.64747690177482852825e-01
  +3.93704669110436722423e-01+j8.95233088483534333868e-01
  +6.04131915002969477335e-01+j7.71011261951402460113e-01
  +7.79900849054032674346e-01+j5.93422398989550403670e-01
  +9.03224015660337498090e-01+j3.69107653961704307299e-01
  +9.56092504890296845943e-01+j1.14558574468181670336e-01
  +9.27887437539952175669e-01-j1.43305743951403524727e-01
  +8.22336425053972308596e-01-j3.73027625089094982958e-01
  +6.58270830621177305275e-01-j5.48656862739460793321e-01
  +4.62954599553233592246e-01-j6.57370596350816294162e-01
  +2.62893712457033745800e-01-j7.00154036514753941312e-01
  +7.78576878778604597464e-02-j6.87068434669201200116e-01
  -8.03030926640531522720e-02-j6.31581101290599411513e-01
  -2.05935675940830759112e-01-j5.46865264870002310005e-01
  -2.97301132966502457133e-01-j4.44409803795478397515e-01
  -3.54982243228716409789e-01-j3.34015684227220610580e-01
  -3.81201665416986634760e-01-j2.24176272520886205042e-01
  -3.79720082168081785046e-01-j1.22210937135516908847e-01
  -3.55809333542429440111e-01-j3.39650802055753014974e-02
  -3.15896902609878071910e-01+j3.67249618934312807572e-02
  -2.66786013417420031502e-01+j8.84031419668542678414e-02
  -2.14693454922526616446e-01+j1.21890171286962500918e-01
  -1.64483672552417498069e-01+j1.39692491339435176378e-01
  -1.19342754965135369738e-01+j1.45175766746317103095e-01
  -8.08855253269057383747e-02+j1.41809303401894654106e-01
  -4.95212211073054395238e-02+j1.32663370953982090450e-01
  -2.48830497473894324267e-02+j1.20181888213381521391e-01
  -6.19592836692703635010e-03+j1.06157823095899481181e-01
  +7.46360846158381548848e-03+j9.18186387108876067575e-02
  +1.70101217176511360085e-02+j7.79503267951170281114e-02
  +2.32689020203000890286e-02+j6.50187286445954443215e-02
  +2.69451816369746036117e-02+j5.32703485758570932651e-02
  +2.86215382974461113319e-02+j4.28087126384266991597e-02
  +2.87692306571285250083e-02+j3.36487665918859604752e-02
  +2.77649653238680182987e-02+j2.57538917716974707917e-02
  +2.59085201760497485513e-02+j1.90601043401724713766e-02
  +2.34390546297911991913e-02+j1.34912025901820983864e-02
  +2.05492969659568369689e-02+j8.96767531599816994370e-03
  +1.73975104713350384178e-02+j5.41133366125170090638e-03
  +1.41174834663988710282e-02+j2.74693930402843469740e-03
  +1.08269435930332686563e-02+j9.01545589196321955731e-04
  +7.63487996048218403589e-03-j1.98227906905739292755e-04
  +4.64835429462424811614e-03-j6.31324496217637457299e-04
  +1.97958954327826690614e-03-j4.90966575488730686688e-04
  -2.45390290158170663697e-04+j1.00214094498822029453e-04
  -1.87413733670075484568e-03+j9.62044013490421677168e-04
  -2.70583120523603271740e-03+j1.79930976944868989756e-03
  -2.44663551528896639972e-03+j2.06948604310637843118e-03
  -6.03770030331428233898e-04+j6.27973801207612611006e-04
  +3.81416511957641691383e-03-j5.45620533353105389984e-03
  +1.33316051431722516762e-02-j2.65781778902154236510e-02
  +3.13383055052527184636e-02-j1.42001869423539095472e-01
  -2.08097533572282278325e-01+j2.91423512245352400729e-01
  -4.23438326413680884985e-02+j1.54659165481985688695e-01
  -1.29002865960483395491e-02+j1.36377877216355303247e-01
  +9.41109942106557045838e-03+j1.39722544610468818460e-01
  +3.83535048958666968666e-02+j1.54738591169104350298e-01
  +9.12379502030166711357e-02+j1.81711459697594779339e-01
  +2.33530895267617499833e-01+j2.05133946115166748703e-01
  +4.41109950500172209864e-01-j1.81961153329496472253e-01
  +1.71097773374252019873e-02-j2.11529657772176499231e-01
  -2.65429492034475952855e-02-j8.63406751429082047755e-02
  -1.90843932128028845319e-02-j3.37339115145891890735e-02
  -6.02941045917889523187e-03-j7.56060291552608076254e-03
  +7.60014754422625674751e-03+j6.65018710845860592379e-03
  +2.10940850157893752814e-02+j1.40995459819094424297e-02
  +3.43797524728349235268e-02+j1.69861367733591776819e-02
  +4.74675495066632577301e-02+j1.63260475115690091574e-02
  +6.03503890742341717046e-02+j1.25858918393559667676e-02
  +7.29838958574508950283e-02+j5.93331835818092755142e-03
  +8.52782659348858274040e-02-j3.65771408683054997241e-03
  +9.70855984141594519077e-02-j1.63652769946620903208e-02
  +1.08176343070719743755e-01-j3.25099344996759714865e-02
  +1.18198734837103747175e-01-j5.25639234096030028009e-02
  +1.26611762700552216154e-01-j7.71721071721178930591e-02
  +1.32575786956712515785e-01-j1.07178180281037177535e-01
  +1.34774094693666579570e-01-j1.43643641514249159608e-01
  +1.31121584024484733044e-01-j1.87829080068802889425e-01
  +1.18293371671419525470e-01-j2.41062256336059571593e-01
  +9.09886479166246431305e-02-j3.04310791430856486528e-01
  +4.08966730105608869406e-02-j3.77041009177648267503e-01
  -4.43113701548845800859e-02-j4.54498715084592830316e-01
  -1.80296305161421061003e-01-j5.22092856732358279181e-01
  -3.78602312819036446179e-01-j5.46942034685567901597e-01
  -6.24571410216224420786e-01-j4.75795369788215349871e-01
  -8.49801475874251588394e-01-j2.65362468108591542659e-01
  -9.55244891787842442810e-01+j5.53995012722885010747e-02
  -9.00264868980472199311e-01+j3.85384163829955606051e-01
  -7.30077693975962449535e-01+j6.42432978390661268975e-01
  -5.09313133431381181992e-01+j8.08744007530041941756e-01
  -2.75720287838793154389e-01+j9.00607468174662528781e-01
  -4.15013531081612346840e-02+j9.35619313032932220509e-01
  +1.92373617998982754385e-01+j9.20942560552333033819e-01
  +4.24678772386137270978e-01+j8.52684304928662317735e-01
  +6.45234325599727043254e-01+j7.19946940184234884796e-01
  +8.28727980428449195749e-01+j5.14265569010206591294e-01
  +9.36997261693587435438e-01+j2.45119401281048227004e-01
  +9.37692882733138000084e-01-j4.84411689002295711703e-02
  +8.30408106161458325900e-01-j3.09076254004905126571e-01
  +6.51292680260099232648e-01-j4.93161888869892817144e-01
  +4.48603606515425690215e-01-j5.90658240371972120819e-01
  +2.57720300499672372307e-01-j6.16918774248436441177e-01
  +9.50232580038887358898e-02-j5.94554691774101029544e-01
  -3.60209528011116372759e-02-j5.42456655322241743100e-01
  -1.37586145441416868307e-01-j4.73228821996528492555e-01
  -2.13055922387263591000e-01-j3.94507713314668384541e-01
  -2.65171021540681561834e-01-j3.11068851594683393191e-01
  -2.95717012870637396826e-01-j2.26581112012050334137e-01
  -3.06036274050769552257e-01-j1.44713561077745578309e-01
  -2.97895340307063882790e-01-j6.94909076491412869281e-02
  -2.74244504149249390679e-01-j4.89445653917119395671e-03
  -2.39409295410301647955e-01+j4.60299617551728143527e-02
  -1.98526829828717638060e-01+j8.20011248570627765409e-02
  -1.56523470106880946418e-01+j1.03738138218323616702e-01
  -1.17209622457874099166e-01+j1.13496821470824960087e-01
  -8.28909481695160599291e-02+j1.14245466218024546712e-01
  -5.44975975631408343647e-02+j1.08914852704194778377e-01
  -3.19855010493394764648e-02+j9.99528542784717533021e-02
  -1.47641538457857490751e-02+j8.91801100971838095477e-02
  -2.02276415340945769222e-03+j7.78347189846477632846e-02
  +7.06932377854240911325e-03+j6.66949844433312594161e-02
  +1.32619527978295858456e-02+j5.62111485542207273136e-02
  +1.71871011462705197692e-02+j4.66157504726990440380e-02
  +1.93563873366843046397e-02+j3.80053839228033166209e-02
  +2.01743848486219817806e-02+j3.03968970908595863267e-02
  +1.99572665233907486915e-02+j2.37640450097881712754e-02
  +1.89516306317269664361e-02+j1.80603573772198759684e-02
  +1.73513905635456593124e-02+j1.32327179540260263246e-02
  +1.53121709203598004717e-02+j9.22881072218870515678e-03
  +1.29633808038663953660e-02+j6.00047849973235451759e-03
  +1.04184351263382109221e-02+j3.50419089311506141635e-03
  +7.78370449215462327508e-03+j1.69915530627203891639e-03
  +5.16683522815617607415e-03+j5.43007554785952394234e-04
  +2.68519875977345960985e-03-j1.56874840681417115321e-05
  +4.75533290600971877277e-04-j5.00267797485723088010e-05
  -1.29341605276948662037e-03+j3.23375228532766156517e-04
  -2.40164910228239398410e-03+j9.03806621623581656066e-04
  -2.54385904478552932889e-03+j1.32378152310949691144e-03
  -1.25964197512715885344e-03+j8.58981574391910101055e-04
  +2.23302468886447339630e-03-j2.08490832957128379224e-03
  +9.50836084449180329869e-03-j1.17187173101583452101e-02
  +2.44676295560776087268e-02-j4.36040957316687627365e-02
  +4.16793956916758218112e-02-j2.29344495011378685101e-01
  -2.45934219963364647521e-01+j2.97368414849035644920e-01
  -6.05675052936063204601e-02+j1.79490025686132009808e-01
  -2.09619169619031479879e-02+j1.57149543271277308820e-01
  +6.71867765838827981500e-03+j1.55233962508932954449e-01
  +3.67545790894260593351e-02+j1.61169892245023704813e-01
  +7.71502026029593362955e-02+j1.70579079085978302377e-01
  +1.40513193704246974747e-01+j1.77531508458418058050e-01
  +2.53070561366954105420e-01+j1.54707948026654468210e-01
  +3.96287869181352336856e-01-j3.56470321903579120959e-02
  +1.70945125794184027423e-01-j2.97163094098330193837e-01
  -2.10742656261177115085e-02-j1.85891430723210293596e-01
  -4.39887181923368508762e-02-j8.88172212299880997621e-02
  -3.21005342897889706100e-02-j3.84360561122746094420e-02
  -1.44173297775433469775e-02-j1.19123870497114120459e-02
  +3.49615667825711913530e-03+j1.77078306678029543525e-03
  +2.04910130963180531216e-02+j7.57940506029324348458e-03
  +3.63682182510715323875e-02+j7.92239896692299890024e-03
  +5.11357168799906544598e-02+j4.03094665856601995502e-03
  +6.48235530208817467557e-02-j3.47847015545539161446e-03
  +7.74269315069484875824e-02-j1.43614563352976749161e-02
  +8.88749685671951367150e-02-j2.86412430690983835224e-02
</dep>
<dep S[2,2] frequency>
  -9.76116423699509794254e-01+j2.16890049086120362265e-01
  -9.57776878805834841479e-01+j2.87137354641024966639e-01
  -9.34315897246588145109e-01+j3.56040165203940717209e-01
  -9.05799677177520523585e-01+j4.23258911676615168229e-01
  -8.72310545208005994056e-01+j4.88453526633689127934e-01
  -8.33947077871799113957e-01+j5.51283561544835376544e-01
  -7.90824258359063336776e-01+j6.11408165285824312107e-01
  -7.43073675429991142849e-01+j6.68485918896284392332e-01
  -6.90843783664570665337e-01+j7.22174506176979091876e-01
  -6.34300253141393377554e-01+j7.72130187757737229681e-01
  -5.73626447713756704161e-01+j8.18007034270519683972e-01
  -5.09024086844705569987e-01+j8.59455860752244338308e-01
  -4.40714168980971987555e-01+j8.96122788589850505225e-01
  -3.68938268030822080767e-01+j9.27647342812103925525e-01
  -2.93960363498388665970e-01+j9.53659971425537600354e-01
  -2.16069436348189813923e-01+j9.73778850792710315432e-01
  -1.35583167278406468981e-01+j9.87605819574967624952e-01
  -5.28532273323010295951e-02+j9.94721269876688296563e-01
  +3.17271245791909198286e-02+j9.94677831148517599402e-01
  +1.17712093996541825036e-01+j9.86992736344552756833e-01
  +2.04587531914275005951e-01+j9.71138911342103616775e-01
  +2.91748037740449439603e-01+j9.46535173309513866435e-01
  +3.78463819682878233053e-01+j9.12536639041677366535e-01
  +4.63832876525449355753e-01+j8.68427853076805700283e-01
  +5.46712547259189829418e-01+j8.13423817486970457402e-01
  +6.25623108648434511636e-01+j7.46688997952259625457e-01
  +6.98616124720536912918e-01+j6.67392959805234720072e-01
  +7.63104828954598413127e-01+j5.74835367262476526484e-01
  +8.15669995572754769064e-01+j4.68693552829204718169e-01
  +8.51895967075955606873e-01+j3.49468233750898360501e-01
  +8.66377092487726319092e-01+j2.19205800321644217465e-01
  +8.53173519814370839853e-01+j8.24998966956473622769e-02
  +8.07124706126866597877e-01-j5.24865749315487767346e-02
  +7.26302398785290459493e-01-j1.73755172503240351567e-01
  +6.15074566430603542067e-01-j2.67220204452403242712e-01
  +4.85761705749112759900e-01-j3.21183875869919144286e-01
  +3.56276739975988132603e-01-j3.31841742054074351209e-01
  +2.43704685992971764597e-01-j3.05710397532539368548e-01
  +1.57949760493202973066e-01-j2.56441737275386327788e-01
  +9.98782384518386578964e-02-j1.98451611358936963470e-01
  +6.40620173922374497311e-02-j1.42003581317396210260e-01
  +4.29600692490315905214e-02-j9.18177998790656868522e-02
  +2.99729933528026654121e-02-j4.81885849364642043779e-02
  +2.08060643434683500974e-02-j8.86535321616196275718e-03
  +1.36614032347069092044e-02+j2.93067354327755762167e-02
  +8.86231761714561389054e-03+j6.92404185421872375716e-02
  +8.25963806291650677605e-03+j1.12889075348366188511e-01
  +1.45671998766810396886e-02+j1.60856527398854948219e-01
  +3.06947643718828815096e-02+j2.12278219959572189701e-01
  +5.91440291311602917013e-02+j2.64944234627170871477e-01
  +1.01542666118179150669e-01+j3.15616539213379121431e-01
  +1.58369755014952373617e-01+j3.60454539244898342076e-01
  +2.28869195064484054480e-01+j3.95446627058938238175e-01
  +3.11088885782524193768e-01+j4.16778514078677109200e-01
  +4.01968572395744572212e-01+j4.21139586255040554441e-01
  +4.97449439991087427604e-01+j4.06026481691830254395e-01
  +5.92663955626011040856e-01+j3.70092606370769017232e-01
  +6.82310172473618470335e-01+j3.13499461152904168593e-01
  +7.61251911645722811883e-01+j2.38113321343442763123e-01
  +8.25229829506262002603e-01+j1.47371599876773617943e-01
  +8.71440025086438030399e-01+j4.57744813764341743068e-02
  +8.98762726192281480309e-01-j6.18445242364728947626e-02
  +9.07594965821560184516e-01-j1.71009851024055165025e-01
  +8.99419495732516782738e-01-j2.78055828980749986101e-01
  +8.76307894891744099120e-01-j3.80286279826926254533e-01
  +8.40507025764453907790e-01-j4.75909790130720933288e-01
  +7.94168138843622473111e-01-j5.63860063690396207114e-01
  +7.39209397152032821054e-01-j6.43591444592071404429e-01
  +6.77273096307444366637e-01-j7.14900345681485638316e-01
  +6.09737397678975834303e-01-j7.77790408781725228771e-01
  +5.37752770417521341884e-01-j8.32380291585130382970e-01
  +4.62285056873384114784e-01-j8.78845393245972439367e-01
  +3.84155965131367738152e-01-j9.17383698759086985142e-01
  +3.04077315108121304377e-01-j9.48197495494625397505e-01
  +2.22678317536462694326e-01-j9.71484924301228680577e-01
  +1.40526507356125651693e-01-j9.87437292994512882949e-01
  +5.81434120309907709334e-02-j9.96239556831436279261e-01
  -2.39839330411282386502e-02-j9.98072382762474008544e-01
  -1.05394652552779286014e-01-j9.93114867130981626708e-01
  -1.85648103639963257816e-01-j9.81547377485043170964e-01
  -2.64319755352944940618e-01-j9.63554222558881345861e-01
  -3.40998431386786815533e-01-j9.39325978262555150167e-01
  -4.15284593882202124338e-01-j9.09061347069199943149e-01
  -4.86789440095878711556e-01-j8.72968419907040549255e-01
  -5.55134656797000691775e-01-j8.31265141067265012076e-01
  -6.19952737623483907115e-01-j7.84178618956975825860e-01
  -6.80887827299354930766e-01-j7.31942599385392744793e-01
  -7.37597132111925457565e-01-j6.74791724996353314836e-01
  -7.89753068143774661358e-01-j6.12949627596351409586e-01
  -8.37046608559880445100e-01-j5.46603969517124088640e-01
  -8.79193030093550431658e-01-j4.75850548211797952369e-01
  -9.15943384631219048586e-01-j4.00552734258009190960e-01
  -9.47111825708337629059e-01-j3.19918264978863164938e-01
  -9.72649659033831048838e-01-j2.30792347548862825102e-01
  -9.92601294154640823031e-01-j1.15410465167765000083e-01
  -1.55099481208978845492e-02-j5.39231063564398760413e-01
  -9.91674902584598338962e-01-j8.41018019094339763786e-02
  -9.95440894753965244135e-01+j3.34024252578764765942e-02
  -9.84120780331473321567e-01+j1.35304210093464272191e-01
  -9.20895583085219349151e-01+j2.58158598946867101631e-01
  -9.64052527455510177568e-01+j2.35577381163969701294e-01
  -9.37107121124458042338e-01+j3.47144361264925760402e-01
  -9.00829706279548725334e-01+j4.33359119477993881553e-01
  -8.58250974171011593583e-01+j5.12325087067141193842e-01
  -8.09311743930111626710e-01+j5.86267951500366368833e-01
  -7.54074807050125639485e-01+j6.55456770034944846692e-01
  -6.92700658470001839895e-01+j7.19660634223551531896e-01
  -6.25416514983862192878e-01+j7.78469197855564565280e-01
  -5.52502471690375362989e-01+j8.31392694537464338467e-01
  -4.74285169426687025496e-01+j8.77899497867208888913e-01
  -3.91134935547932216515e-01+j9.17430673556017373116e-01
  -3.03465114081522768785e-01+j9.49403709453551347686e-01
  -2.11733533883244090523e-01+j9.73209570235947118988e-01
  -1.16446821121087160100e-01+j9.88204344739247786400e-01
  -1.81689961008616139571e-02+j9.93695519154669471007e-01
  +8.24632279784142524504e-02+j9.88922293185214740241e-01
  +1.84714534240647598740e-01+j9.73029082939257716767e-01
  +2.87708181661414985619e-01+j9.45031502911683696233e-01
  +3.90356113405681492967e-01+j9.03775149301468960772e-01
  +4.91245636134624186209e-01+j8.47890583041177814394e-01
  +5.88456721261208404172e-01+j7.75755698723564646180e-01
  +6.79270418795002939305e-01+j6.85495016501486365001e-01
  +7.59714142677632819911e-01+j5.75086559348608306053e-01
  +8.23889447254079643201e-01+j4.42733851679573686688e-01
  +8.63098363659101419643e-01+j2.87825782620661774214e-01
  +8.65082745717287493470e-01+j1.13050944704840478083e-01
  +8.14539205187548298603e-01-j7.16767596216572322465e-02
  +6.97667027544726314758e-01-j2.43895775218335331136e-01
  +5.14118897316771295003e-01-j3.66549314899459965922e-01
  +2.92807519535107529940e-01-j4.00002595030470364801e-01
  +9.13864175319349658633e-02-j3.31512769190135392350e-01
  -3.67658695684860425956e-02-j1.94240699354811613420e-01
  -7.79142420792273693309e-02-j4.51815836892573707839e-02
  -5.54742905926918633552e-02+j7.29743782321637668442e-02
  -3.76515083960110574779e-03+j1.45566211692726044102e-01
  +4.99637641568509982548e-02+j1.77440525193970161100e-01
  +8.94576587070882722763e-02+j1.81664210366042688793e-01
  +1.07505442848771004538e-01+j1.73262800409113321143e-01
  +1.03812705444719405312e-01+j1.66751983828248906416e-01
  +8.40730344604066065495e-02+j1.74736577173648627292e-01
  +5.94230886979459499431e-02+j2.05890401575413384272e-01
  +4.46653001757448819831e-02+j2.62181466146456876309e-01
  +5.41619896357308228119e-02+j3.36968822150415903138e-01
  +9.64817334242495244778e-02+j4.16357531371899347583e-01
  +1.71084801236743910824e-01+j4.84273125695988404527e-01
  +2.69479849872420018642e-01+j5.28355326919147105791e-01
  +3.79663804366456081318e-01+j5.43031705430479516572e-01
  +4.90525266772197043874e-01+j5.28895724217883778095e-01
  +5.94111601694322644107e-01+j4.90168394256126571662e-01
  +6.85833468035399684837e-01+j4.32243397158453390716e-01
  +7.63634795359277029903e-01+j3.60183534994751974878e-01
  +8.26982389293423270082e-01+j2.78127207505409035360e-01
  +8.76076315985578224499e-01+j1.89262303508546697595e-01
  +9.11377207548521695024e-01+j9.60551581362679152143e-02
  +9.33410299438307555775e-01+j5.25226614450528817013e-04
  +9.42752970582889426865e-01-j9.55551368333162343127e-02
  +9.40096358918436902918e-01-j1.90580270092859327402e-01
  +9.26289643830633724342e-01-j2.83127928412125584590e-01
  +9.02324295007065679819e-01-j3.72012744181948518118e-01
  +8.69267814785314896220e-01-j4.56320423077051950944e-01
  +8.28182794009702738514e-01-j5.35398999539044462281e-01
  +7.80062718789294673449e-01-j6.08814526996333205133e-01
  +7.25797495287452187895e-01-j6.76291651452117004162e-01
  +6.66166050061570480523e-01-j7.37656874625055247741e-01
  +6.01846660220572537980e-01-j7.92793806432275260931e-01
  +5.33435739726748403555e-01-j8.41612421012975175927e-01
  +4.61468638132169706179e-01-j8.84030403124091646028e-01
  +3.86438951068336256078e-01-j9.19963447365305109216e-01
  +3.08814918356102308117e-01-j9.49321579103826196366e-01
  +2.29052654145072365210e-01-j9.72009264763568414658e-01
  +1.47606481928323401975e-01-j9.87927790799641658559e-01
  +6.49368082511969646475e-02-j9.96978942848832483392e-01
  -1.84840484794923168299e-02-j9.99069386204098464077e-01
  -1.02167744931327228453e-01-j9.94115365281713070367e-01
  -1.85607289644816375596e-01-j9.82047438719419352182e-01
  -2.68275781027551285529e-01-j9.62814971348068704415e-01
  -3.49626464127157532413e-01-j9.36390016656102330828e-01
  -4.29094144352616835292e-01-j9.02770013587147035494e-01
  -5.06098086179175510324e-01-j8.61978300460815693995e-01
  -5.80046655582853953881e-01-j8.14060595962898481126e-01
  -6.50344206128711910253e-01-j7.59073760500646788074e-01
  -7.16401226123580592287e-01-j6.97058849397599100683e-01
  -7.77649982435780984247e-01-j6.27979303251119502782e-01
  -8.33570963588675328815e-01-j5.51572166165180899355e-01
  -8.83743380592112881544e-01-j4.66944993288675669341e-01
  -9.27949165303997958176e-01-j3.71238044321604454545e-01
  -9.66239048386203114305e-01-j2.53298765342911402776e-01
  -9.86946740193514027162e-01-j2.75529408935496766819e-02
  -8.20044953629036288412e-01-j4.36854054935559066308e-01
  -9.74231701582934483952e-01-j1.53395895705855100921e-01
  -9.89778284964778709565e-01-j1.92424734703307183381e-02
  -9.85112059994426969567e-01+j9.39789692438385282358e-02
  -9.66058225532082204268e-01+j2.00511081593750445373e-01
  -9.30212106294164731146e-01+j3.03564101235658523326e-01
  -8.62655502474146462788e-01+j3.96893070073312814738e-01
  -7.90586443430423058132e-01+j3.79348411254001427473e-01
  -8.50704231941800004257e-01+j4.79091739520506099126e-01
  -7.99210160837974359360e-01+j5.93183428290360303947e-01
  -7.30935593669794880789e-01+j6.80531259662051746240e-01
  -6.55516528222202299325e-01+j7.54416904160675416691e-01
  -5.74062831877793500190e-01+j8.18114857772852199780e-01
  -4.87114899386382749213e-01+j8.72380277746008792050e-01
  -3.95241301443361781054e-01+j9.17218282527905603985e-01
  -2.99076968483163063706e-01+j9.52369662486483803399e-01
  -1.99308019982133793890e-01+j9.77469182865271069005e-01
  -9.66574878868084325090e-02+j9.92097670131255160442e-01
  +8.12128941327053266441e-03+j9.95790547204926435043e-01
  +1.14241656850493353281e-01+j9.88023107530550781519e-01
  +2.20867927956727799765e-01+j9.68179106091764829500e-01
  +3.27081049967718917593e-01+j9.35503978132691704772e-01
  +4.31814981641388984102e-01+j8.89041873561396966963e-01
  +5.33744923294255269042e-01+j8.27555842846159683823e-01
  +6.31094158851690290035e-01+j7.49434775871525959978e-01
  +7.21301349816861891995e-01+j6.52605384013093758888e-01
  +8.00449510323541835177e-01+j5.34509403631794777212e-01
  +8.62303509451431637878e-01+j3.92317104942699501624e-01
  +8.96781253950068468761e-01+j2.23823038712231220382e-01
  +8.87925957361421769320e-01+j3.00733078179952484366e-02
  +8.12762674808403473570e-01-j1.78289265644638317276e-01
  +6.46578482662081843735e-01-j3.69363965490858925378e-01
  +3.86218366584083927506e-01-j4.80470625954335428531e-01
  +8.99035049041966294325e-02-j4.42138634247130291044e-01
  -1.27735501782564347950e-01-j2.53453161972966967141e-01
  -1.92999593032320032604e-01-j1.08897987746169877532e-02
  -1.33138548097058689867e-01+j1.82391420235972656627e-01
  -1.90818260404184286694e-02+j2.88486962953910353047e-01
  +9.47828153426516217817e-02+j3.18109520178019800074e-01
  +1.80269492281699583724e-01+j2.96354636846370422809e-01
  +2.25430754200619809513e-01+j2.48015944485724143531e-01
  +2.27077596820505878128e-01+j1.96103907808569177806e-01
  +1.89676588021612330115e-01+j1.63506536710494004838e-01
  +1.28699362047983129065e-01+j1.71597415651639884082e-01
  +7.28616909607660567794e-02+j2.32069994294767517617e-01
  +5.62507521693306478117e-02+j3.35358499797028308809e-01
  +9.91891109461346398568e-02+j4.49926128190618501712e-01
  +1.95557801195776481684e-01+j5.40326939481747925420e-01
  +3.21247113337517764542e-01+j5.86943124022777373838e-01
  +4.51695040347614151788e-01+j5.89079739510180222517e-01
  +5.71305801791634704223e-01+j5.56179191027823427440e-01
  +6.73373860705484550415e-01+j4.99425429638187590164e-01
  +7.56675755810943928559e-01+j4.27918783217720144485e-01
  +8.22522308237122135033e-01+j3.47970340478819806229e-01
  +8.73033659652250104699e-01+j2.63581090900897208051e-01
  +9.10302642063870570688e-01+j1.77129448734875821758e-01
  +9.36044088673581464732e-01+j8.99643183107929622633e-02
  +9.51495292617199339702e-01+j2.86665179496909360013e-03
  +9.57465642605839550860e-01-j8.36065200745551850847e-02
  +9.54482618848569219772e-01-j1.68902020302710675903e-01
  +9.42970834382391931427e-01-j2.52387917718629173347e-01
  +9.23389109599011881357e-01-j3.33386908754061739302e-01
  +8.96281065062744297656e-01-j4.11261081417503449043e-01
  +8.62250466126034065262e-01-j4.85480225128502584919e-01
  +8.21905836446582993560e-01-j5.55642614925412670068e-01
  +7.75813282368629897334e-01-j6.21455677242391257842e-01
  +7.24473191848032715967e-01-j6.82699023984964847855e-01
  +6.68318538707425746637e-01-j7.39188020654245381280e-01
  +6.07726175390985501323e-01-j7.90746244544192622428e-01
  +5.43033410635589519622e-01-j8.37188067192183305032e-01
  +4.74555186165637687967e-01-j8.78309469607908233080e-01
  +4.02599718225443659048e-01-j9.13884617025951140334e-01
  +3.27481981613967632061e-01-j9.43666181906370082899e-01
  +2.49535106421377855801e-01-j9.67388070360554852556e-01
  +1.69119972551751901468e-01-j9.84769755107534727756e-01
  +8.66332721087234719493e-02-j9.95521780099063224867e-01
  +2.51420374898372531169e-03-j9.99352200210472663144e-01
  -8.27501679890602637180e-02-j9.95973789690265620678e-01
  -1.68620985738414691513e-01-j9.85111817144760038012e-01
  -2.54505325845555407938e-01-j9.66512039687674406885e-01
  -3.39755922073929572669e-01-j9.39948274269972405826e-01
  -4.23673368657788262936e-01-j9.05228350804578529853e-01
  -5.05511479235305039026e-01-j8.62196174439979534654e-01
  -5.84486822673262795824e-01-j8.10725359332999273576e-01
  -6.59794184180884646373e-01-j7.50694646739079596287e-01
  -7.30631410210956677709e-01-j6.81921685779116604209e-01
  -7.96241375861238220857e-01-j6.03991142046741202876e-01
  -8.55989464713502345994e-01-j5.15768713525022293176e-01
  -9.09510191756532138108e-01-j4.13733179560272001929e-01
  -9.56639544204074709910e-01-j2.83739004563047403362e-01
  -9.69023165071719372321e-01-j7.33794819922049465499e-03
  -8.11802868437502378463e-01-j4.29081166794156809718e-01
  -9.64492146090495050537e-01-j1.78406237212575341511e-01
  -9.85851872045766297603e-01-j3.76360107310412042581e-02
  -9.83630185693265879365e-01+j8.31297446543185353240e-02
  -9.65853827371813578040e-01+j1.96000591880356372920e-01
  -9.33609454691294970985e-01+j3.03197100013989251366e-01
  -8.85686225928481896119e-01+j4.03524158313740111126e-01
  -8.18830541657306731906e-01+j4.89747374290418868714e-01
  -7.44611987510907180621e-01+j5.33837151802454834559e-01
  -7.41049967874793713563e-01+j5.75355247118355395131e-01
  -7.03456169704237188611e-01+j6.84427693512634993667e-01
  -6.24538350124292485077e-01+j7.73734222283144923438e-01
  -5.34522908089170134538e-01+j8.42861019730620220081e-01
  -4.39147922070154572705e-01+j8.97489000561141225809e-01
  -3.39938025910915708749e-01+j9.39756429218817190829e-01
  -2.37809679843694332657e-01+j9.70413005212668822175e-01
  -1.33590875199496250669e-01+j9.89701820927870623557e-01
  -2.80923118691023404603e-02+j9.97659734951488630372e-01
  +7.78892325296155485503e-02+j9.94214437704125875150e-01
  +1.83570451128678036046e-01+j9.79201708171199447506e-01
  +2.88169665748488124102e-01+j9.52344128946289614213e-01
</dep>
