! CEL
! CE3520K3
! N-channel HJ-FET
! Vds = 0 V Vgs = -2.5 V
# Hz S  MA   R 50
!      f          S11               S21               S12               S22
!    Hz      MAG      ANG      MAG      ANG      MAG      ANG      MAG      ANG
2000000000 1.0012542 -21.52553 0.040968101 68.059464 0.041139323 67.643753 0.99239665 -21.650505
2100000000 1.0006704 -22.488329 0.042986885 67.109612 0.042961739 66.948547 0.99257421 -22.832626
2200000000 1.0011114 -23.534857 0.044941388 65.857704 0.044919915 65.910767 0.99178988 -23.964392
2300000000 1.0021276 -24.60177 0.046849366 64.850945 0.046935942 64.954262 0.9905501 -25.008352
2400000000 1.0034633 -25.72407 0.048965357 63.539692 0.049177982 63.695881 0.98899066 -26.092068
2500000000 1.0018854 -26.832525 0.050994359 62.586651 0.050685193 62.284702 0.98916954 -27.161995
2600000000 1.0005333 -27.759798 0.052633993 61.466629 0.052876785 61.457836 0.99032056 -28.338606
2700000000 0.99948579 -28.961132 0.054593381 60.419533 0.054763708 60.423042 0.99114579 -29.311682
2800000000 0.99965286 -29.990685 0.056753401 59.355846 0.056696039 59.305679 0.99040163 -30.447102
2900000000 0.99979544 -31.074537 0.058661316 58.19363 0.058669303 58.345062 0.98980093 -31.496069
3000000000 0.99864501 -32.105984 0.06069769 57.12056 0.060521804 57.13649 0.98942602 -32.636333
3100000000 1.0007505 -33.204617 0.062664777 56.064865 0.062487788 56.276031 0.98854113 -33.639824
3200000000 1.0001315 -34.365318 0.064374283 55.115929 0.064584255 55.15337 0.98859459 -34.69492
3300000000 1.0000411 -35.383183 0.066355728 54.165855 0.066395752 53.998856 0.98756737 -35.770699
3400000000 0.99856943 -36.442165 0.068101443 52.716114 0.068283401 52.746548 0.98780847 -36.908733
3500000000 0.99940163 -37.584248 0.070118174 51.796364 0.070224896 51.785114 0.98687863 -37.931362
3600000000 0.99988526 -38.712013 0.07201273 50.741528 0.071876727 50.778713 0.98608375 -38.924404
3700000000 0.99965698 -39.750912 0.073920771 49.504185 0.073881343 49.519512 0.98565078 -40.062668
3800000000 0.99898887 -40.81546 0.075669326 48.50296 0.075629279 48.535751 0.98587239 -41.195145
3900000000 0.99956471 -41.941231 0.077548549 47.393974 0.077568673 47.371281 0.98447126 -42.217522
4000000000 0.99800873 -43.042469 0.079432957 46.284069 0.07957489 46.290829 0.98511583 -43.28709
4100000000 0.99813133 -44.078819 0.08124245 45.412579 0.081138186 45.306355 0.98468864 -44.416679
4200000000 0.99842769 -45.222942 0.083103225 44.148182 0.083142959 44.26228 0.98346692 -45.460865
4300000000 0.99826288 -46.227818 0.08490441 43.053356 0.084868237 43.115826 0.98353851 -46.515896
4400000000 0.99848485 -47.334351 0.086665183 42.05975 0.086753413 41.881798 0.98280352 -47.622837
4500000000 0.99731261 -48.535324 0.088434711 40.772415 0.088209331 40.872261 0.98313916 -48.630482
4600000000 0.99589676 -49.570595 0.089982294 39.69558 0.089943752 39.794014 0.98279917 -49.734917
4700000000 0.99597836 -50.493317 0.091925472 38.774101 0.091857813 38.747387 0.9823221 -50.878967
4800000000 0.99640709 -51.762482 0.09346877 37.46944 0.093237676 37.684952 0.9813844 -51.846134
4900000000 0.99569142 -52.82626 0.095346712 36.527355 0.095312186 36.567722 0.98167366 -52.972775
5000000000 0.99573332 -53.882915 0.096888982 35.511166 0.097022392 35.520828 0.9812088 -54.023365
5100000000 0.99570823 -54.994118 0.098712198 34.358223 0.098754354 34.343567 0.98079914 -55.088791
5200000000 0.99512291 -56.071457 0.10023555 33.215256 0.1003878 33.249958 0.98037583 -56.206886
5300000000 0.99492908 -57.16077 0.1018941 32.122082 0.10201002 32.22702 0.98002023 -57.261189
5400000000 0.99435741 -58.223499 0.10355183 31.019278 0.10360324 31.179459 0.97981262 -58.376392
5500000000 0.99353623 -59.407887 0.10515707 29.921614 0.10507013 29.888783 0.97959131 -59.425507
5600000000 0.994663 -60.496101 0.10674286 28.922628 0.1067775 28.907583 0.97836381 -60.453335
5700000000 0.9934594 -61.58419 0.10840942 27.677256 0.10828072 27.789898 0.97880667 -61.54047
5800000000 0.99424511 -62.700394 0.11008157 26.608377 0.11029514 26.716827 0.97745371 -62.646175
5900000000 0.9933235 -63.880657 0.11137738 25.500483 0.111493 25.532358 0.9778564 -63.663292
6000000000 0.99239171 -64.925644 0.11315999 24.479427 0.11310019 24.583361 0.97762412 -64.765236
6100000000 0.99252301 -66.018051 0.11456878 23.500591 0.1147643 23.4618 0.97682369 -65.872368
6200000000 0.99241549 -67.116791 0.11611588 22.339144 0.11617636 22.358313 0.97660226 -66.948357
6300000000 0.9920668 -68.257164 0.11776325 21.173073 0.11766845 21.224068 0.97617251 -67.978348
6400000000 0.99175251 -69.323006 0.1192306 20.069038 0.1191495 20.190868 0.97579545 -69.087006
6500000000 0.99206471 -70.451759 0.12069082 18.978725 0.1205852 19.080042 0.97476268 -70.167068
6600000000 0.99052751 -71.562439 0.1221437 17.794125 0.12214983 18.006788 0.97547102 -71.260788
6700000000 0.99108994 -72.724632 0.12357304 16.852221 0.12373447 16.722427 0.97400409 -72.299255
6800000000 0.99074924 -73.866371 0.12489613 15.511119 0.12496123 15.716689 0.97381938 -73.372856
6900000000 0.98964763 -74.978699 0.12635368 14.514659 0.12661849 14.57973 0.97353518 -74.458778
7000000000 0.99023205 -76.075516 0.12773354 13.387907 0.12788063 13.478651 0.97312731 -75.509628
7100000000 0.98857063 -77.137573 0.128907 12.337241 0.12888096 12.409002 0.97280324 -76.634346
7200000000 0.98877835 -78.329788 0.1306193 11.134201 0.13044807 11.265562 0.9724291 -77.691071
7300000000 0.98909998 -79.458435 0.13201132 10.070856 0.13181975 10.151624 0.97187459 -78.777786
7400000000 0.98820579 -80.586906 0.13338317 8.916132 0.13336897 8.9949827 0.97127438 -79.842499
7500000000 0.9878118 -81.717781 0.13453849 7.7544394 0.13449983 7.9007573 0.97092575 -80.923721
7600000000 0.9879607 -82.846634 0.13578171 6.6940017 0.13589269 6.6008735 0.96970743 -82.041565
7700000000 0.98684901 -83.958435 0.13695076 5.4688778 0.13693793 5.4145098 0.9697727 -83.138
7800000000 0.98640913 -85.073097 0.13817769 4.2570953 0.13851351 4.3291512 0.96943545 -84.171799
7900000000 0.98598963 -86.238914 0.13926284 3.1042895 0.13916406 3.3479192 0.9687022 -85.260719
8000000000 0.98578823 -87.450905 0.14008422 2.1051707 0.13978349 2.1062856 0.9684298 -86.306969
8100000000 0.9853074 -88.475868 0.14095791 0.89344966 0.14109552 0.96675044 0.96814632 -87.398514
8200000000 0.98477411 -89.616768 0.14217943 -0.084806032 0.14201139 -0.034179244 0.96820867 -88.465157
8300000000 0.98522842 -90.800728 0.1431396 -1.22665 0.1430825 -1.1205242 0.9675523 -89.544922
8400000000 0.98379737 -91.939125 0.14415815 -2.2529063 0.14384343 -2.1597741 0.96775764 -90.6073
8500000000 0.98393899 -93.014847 0.14508256 -3.280437 0.14505687 -3.2882664 0.96723258 -91.728882
8600000000 0.9824571 -94.178444 0.14599988 -4.3329659 0.14576662 -4.3698468 0.96812952 -92.829468
8700000000 0.9833529 -95.345665 0.14730263 -5.4168696 0.14724348 -5.3154912 0.96770239 -93.962502
8800000000 0.98264706 -96.400085 0.1481896 -6.4992061 0.1481441 -6.4613543 0.96812218 -95.037971
8900000000 0.98228735 -97.575333 0.14918014 -7.6430645 0.14925097 -7.6301246 0.96782553 -96.164474
9000000000 0.98209256 -98.791389 0.15008104 -8.6791468 0.15038507 -8.6226072 0.96783847 -97.234192
9100000000 0.98301554 -99.818459 0.15139581 -9.8456726 0.15146153 -9.6013193 0.96698678 -98.398026
9200000000 0.98286968 -100.97433 0.1524929 -10.900084 0.15249674 -10.817471 0.96664441 -99.479446
9300000000 0.98347998 -102.2155 0.15352288 -12.047957 0.15364791 -11.885938 0.96650946 -100.59875
9400000000 0.98463917 -103.39057 0.15428971 -13.159391 0.15465723 -13.073367 0.96468717 -101.72108
9500000000 0.98522866 -104.59193 0.15534599 -14.228415 0.15543455 -14.043255 0.96502101 -102.77474
9600000000 0.98307312 -105.89133 0.15677264 -15.430852 0.1566368 -15.286874 0.96646792 -103.85104
9700000000 0.98295605 -107.09045 0.157134 -16.601377 0.15730537 -16.481611 0.96578342 -105.0213
9800000000 0.98160356 -108.19373 0.15829432 -17.698051 0.15823568 -17.612295 0.96637386 -106.17432
9900000000 0.9809953 -109.43415 0.15909937 -18.847979 0.15893649 -18.788687 0.96498227 -107.2947
10000000000 0.98057145 -110.64077 0.16002226 -20.083836 0.1594041 -19.970961 0.96485966 -108.45177
10100000000 0.98188192 -111.76814 0.16063327 -21.190575 0.16053647 -21.044945 0.96246618 -109.57195
10200000000 0.98180634 -112.95223 0.16114843 -22.405409 0.16119294 -22.183666 0.96242136 -110.69714
10300000000 0.98192209 -114.19727 0.16205022 -23.433491 0.16215201 -23.352442 0.96180964 -111.85428
10400000000 0.98228908 -115.47539 0.16279189 -24.604568 0.16292721 -24.475174 0.96146059 -112.86774
10500000000 0.98065054 -116.70531 0.16338095 -25.856043 0.1637146 -25.662086 0.96165502 -114.03224
10600000000 0.98015332 -117.9442 0.16419995 -26.951151 0.16395979 -26.880495 0.96106821 -115.1015
10700000000 0.97936189 -119.17255 0.16485608 -28.148888 0.16496977 -28.023453 0.96100718 -116.22142
10800000000 0.97903401 -120.32465 0.16521244 -29.285725 0.16518052 -29.251129 0.96057069 -117.35508
10900000000 0.97837788 -121.58254 0.16604179 -30.541031 0.16602498 -30.423285 0.9607392 -118.46915
11000000000 0.97768849 -122.76785 0.16656345 -31.648617 0.16676614 -31.518089 0.96058095 -119.59344
11100000000 0.97728646 -124.03341 0.16694261 -32.836441 0.1671415 -32.790688 0.96005106 -120.73362
11200000000 0.97675341 -125.26999 0.16750151 -33.996548 0.16732271 -33.980221 0.96078598 -121.87011
11300000000 0.97676408 -126.4638 0.16823491 -35.130718 0.16830024 -35.038921 0.96034712 -123.03027
11400000000 0.97602123 -127.68791 0.16873387 -36.3536 0.16827457 -36.288559 0.9599815 -124.16283
11500000000 0.97615939 -128.97845 0.16910551 -37.637157 0.1689297 -37.408886 0.95958745 -125.25899
11600000000 0.97469008 -130.14851 0.16933376 -38.684872 0.16922939 -38.687847 0.95955956 -126.45157
11700000000 0.9746291 -131.43713 0.16959415 -39.948418 0.16959146 -39.816528 0.95944023 -127.59376
11800000000 0.97398508 -132.71431 0.17006069 -41.110699 0.17016098 -41.074234 0.95972699 -128.73706
11900000000 0.97336596 -133.96751 0.17054567 -42.243088 0.1701147 -42.148254 0.95914966 -129.85742
12000000000 0.97304463 -135.18695 0.17024134 -43.445858 0.17037326 -43.265663 0.959207 -131.02582
12100000000 0.97247893 -136.46388 0.17101948 -44.637905 0.17092535 -44.593384 0.95945019 -132.15269
12200000000 0.97278124 -137.7227 0.1714758 -45.814659 0.17110001 -45.743797 0.95905459 -133.34871
12300000000 0.97233111 -138.94772 0.17128986 -47.071701 0.17154719 -47.007763 0.9588834 -134.5549
12400000000 0.97160029 -140.20648 0.17151317 -48.363407 0.17139773 -48.138554 0.95886201 -135.7025
12500000000 0.97181815 -141.52419 0.17192638 -49.594658 0.17162551 -49.454002 0.9582476 -136.94643
12600000000 0.97126269 -142.79671 0.1717356 -50.78466 0.17182234 -50.69442 0.95811909 -138.11775
12700000000 0.97125787 -144.09349 0.17197347 -51.986301 0.1723053 -51.850365 0.95760918 -139.25108
12800000000 0.97079003 -145.37733 0.17208156 -53.245892 0.17213944 -53.098419 0.95782703 -140.45654
12900000000 0.97050267 -146.64732 0.17203432 -54.400829 0.17209645 -54.38258 0.95767713 -141.65263
13000000000 0.96993494 -147.91614 0.17221163 -55.582928 0.1720674 -55.543575 0.95725441 -142.8324
13100000000 0.96976751 -149.2468 0.17204684 -56.917721 0.17213809 -56.782196 0.95717996 -144.02126
13200000000 0.96958876 -150.5399 0.17215057 -58.023815 0.17210749 -57.993492 0.95666832 -145.24628
13300000000 0.96902889 -151.82925 0.17156675 -59.331055 0.17193907 -59.074841 0.956622 -146.46468
13400000000 0.96884835 -153.12706 0.17180154 -60.485512 0.17182702 -60.387207 0.95539069 -147.66003
13500000000 0.96807837 -154.41017 0.17188795 -61.600712 0.17170264 -61.506577 0.95540172 -148.78545
13600000000 0.96815968 -155.73213 0.17141528 -62.802879 0.17182373 -62.744255 0.95410585 -150.02882
13700000000 0.96715719 -157.05301 0.17146356 -64.056503 0.17141466 -63.936398 0.95397657 -151.20894
13800000000 0.96735501 -158.35471 0.17132333 -65.090233 0.17159262 -64.964409 0.95278722 -152.41339
13900000000 0.96714389 -159.70976 0.17153195 -66.357887 0.17146885 -66.145958 0.95192009 -153.54681
14000000000 0.96651727 -161.02594 0.171753 -67.458725 0.17148049 -67.32914 0.95159006 -154.68477
14100000000 0.96685535 -162.29802 0.17206146 -68.790382 0.17183428 -68.636185 0.95265335 -155.78986
14200000000 0.96611547 -163.64441 0.17224628 -70.115807 0.17232469 -69.975159 0.95278347 -156.92352
14300000000 0.96629477 -165.00917 0.17242788 -71.449203 0.17198074 -71.390633 0.95394033 -158.13171
14400000000 0.96596158 -166.36259 0.17204942 -72.892616 0.17198169 -72.658424 0.95516652 -159.33788
14500000000 0.96598876 -167.67691 0.17176484 -74.150391 0.17179997 -73.985168 0.95495278 -160.55663
14600000000 0.96608895 -169.03731 0.17152794 -75.447594 0.17155242 -75.499855 0.95570469 -161.7718
14700000000 0.96651536 -170.38672 0.1708675 -76.943954 0.17104605 -76.7052 0.95689809 -163.04514
14800000000 0.96579593 -171.7319 0.17042367 -78.261848 0.17058736 -78.090698 0.95653188 -164.26884
14900000000 0.96519607 -173.12656 0.17048348 -79.634743 0.17008692 -79.366837 0.95637685 -165.52478
15000000000 0.9653244 -174.52998 0.16990168 -80.948875 0.16958141 -80.730957 0.95744771 -166.77667
15100000000 0.96476948 -175.84679 0.16907872 -82.281158 0.16943298 -82.111481 0.95699042 -168.04996
15200000000 0.96513796 -177.18483 0.16898119 -83.537956 0.16863945 -83.434319 0.95778787 -169.28009
15300000000 0.96529335 -178.57724 0.1681257 -84.858261 0.16828158 -84.7864 0.95766515 -170.54327
15400000000 0.96525151 179.9922 0.16745794 -86.329613 0.16779847 -86.182983 0.95785052 -171.79367
15500000000 0.96505535 178.6245 0.16685967 -87.525238 0.16714515 -87.400993 0.95785767 -173.0294
15600000000 0.96440333 177.25418 0.16629484 -88.953941 0.16630422 -88.74086 0.95855778 -174.28395
15700000000 0.96441936 175.82597 0.16554485 -90.293884 0.16576356 -90.099457 0.95910895 -175.55045
15800000000 0.96390897 174.4454 0.16500552 -91.558792 0.16477284 -91.39357 0.95914161 -176.79115
15900000000 0.96359318 173.11304 0.16441537 -92.721687 0.16429664 -92.682587 0.95972496 -178.07436
16000000000 0.96335661 171.66713 0.16375515 -94.214142 0.1635322 -94.134323 0.96028578 -179.34648
16100000000 0.9631753 170.25443 0.16329072 -95.646667 0.16323057 -95.445374 0.96071833 179.32672
16200000000 0.96308565 168.88029 0.16236424 -96.906418 0.16259119 -96.784576 0.96065044 178.1015
16300000000 0.96304226 167.50746 0.16172308 -98.361664 0.16175629 -98.111717 0.9609471 176.81194
16400000000 0.96292567 166.07698 0.161296 -99.610298 0.16095719 -99.457077 0.96094036 175.48227
16500000000 0.96294188 164.66519 0.16026706 -100.96273 0.16000716 -100.86263 0.96108317 174.21909
16600000000 0.96329576 163.30954 0.15952522 -102.29865 0.15954022 -102.1684 0.96177185 172.89816
16700000000 0.96243691 161.85234 0.15872639 -103.79492 0.15897693 -103.6255 0.96187419 171.59161
16800000000 0.96296358 160.34949 0.15801109 -105.19731 0.15794063 -105.07883 0.96206653 170.27045
16900000000 0.96361047 158.97458 0.15748245 -106.55774 0.15689844 -106.33186 0.96233714 168.97244
17000000000 0.96376687 157.55714 0.15642223 -107.84403 0.15642203 -107.70239 0.96205407 167.66574
17100000000 0.96287143 156.01123 0.15554032 -109.28585 0.1557924 -109.10361 0.96183902 166.34019
17200000000 0.96370941 154.65857 0.15455699 -110.79425 0.15480871 -110.55399 0.96250623 165.04317
17300000000 0.96271336 153.33717 0.1539093 -112.12112 0.15385485 -111.90782 0.96223491 163.72415
17400000000 0.96222866 151.79668 0.15319753 -113.494 0.15309159 -113.32813 0.96300054 162.39603
17500000000 0.96319288 150.33189 0.15237552 -114.95743 0.15221129 -114.84712 0.96269667 161.04291
17600000000 0.9635033 148.92078 0.15125503 -116.36245 0.15107122 -116.28686 0.96247399 159.80035
17700000000 0.96330065 147.42351 0.15048693 -117.80434 0.15039924 -117.67042 0.96297377 158.4637
17800000000 0.96347576 145.83713 0.14927898 -119.2687 0.14933221 -119.06749 0.96315664 157.13615
17900000000 0.96349669 144.52362 0.14865103 -120.66181 0.1482738 -120.38342 0.96346623 155.82376
18000000000 0.9629705 143.16292 0.14779179 -122.10564 0.14775807 -121.91213 0.9647271 154.4753
18100000000 0.96209073 141.57964 0.14695844 -123.48196 0.14672671 -123.41897 0.96478248 153.16722
18200000000 0.96287668 140.14148 0.14562628 -124.89371 0.14572099 -124.83855 0.96490312 151.79326
18300000000 0.9626863 138.77562 0.1446359 -126.39307 0.1447275 -126.21468 0.96501851 150.48331
18400000000 0.96202415 137.20181 0.14371854 -127.93397 0.14388552 -127.58071 0.96511346 149.14615
18500000000 0.96318382 135.7153 0.14264087 -129.31972 0.14289969 -129.04333 0.96582055 147.78787
18600000000 0.96297413 134.33727 0.14202088 -130.82701 0.14202629 -130.68382 0.96578228 146.41731
18700000000 0.96142608 132.88275 0.14085901 -132.19353 0.14080803 -132.0985 0.96569848 145.08716
18800000000 0.96163106 131.34727 0.13981651 -133.74547 0.13999264 -133.48106 0.96649736 143.73804
18900000000 0.96174634 129.93956 0.13911836 -135.22678 0.13921691 -134.97864 0.96650398 142.34695
19000000000 0.96169138 128.46736 0.13815355 -136.58273 0.13817078 -136.45763 0.96661383 141.00967
19100000000 0.96209407 126.91575 0.13739173 -138.12341 0.13696606 -137.93564 0.96589231 139.65253
19200000000 0.96255875 125.4486 0.1360475 -139.5358 0.13625492 -139.43431 0.96657276 138.28867
19300000000 0.96206987 124.01051 0.13520887 -141.08211 0.13515484 -140.81549 0.96684372 136.86227
19400000000 0.96119922 122.53321 0.13457385 -142.48306 0.13452806 -142.37311 0.96751583 135.53477
19500000000 0.96185303 121.06689 0.13348833 -143.92081 0.13357143 -143.77124 0.96759391 134.14549
19600000000 0.96175295 119.66067 0.13282481 -145.35791 0.13286182 -145.16139 0.96718514 132.76385
19700000000 0.96152413 118.08811 0.13188499 -146.91415 0.1321055 -146.58522 0.96755677 131.41129
19800000000 0.96193725 116.59631 0.13102441 -148.33217 0.13102633 -148.20963 0.96830076 130.04501
19900000000 0.96162933 115.12295 0.13032985 -149.82597 0.13008749 -149.5363 0.96830612 128.67551
20000000000 0.96168256 113.49351 0.12996118 -151.25557 0.12944408 -151.14209 0.96757293 127.27329
20100000000 0.96209359 112.0654 0.12888055 -152.82423 0.12877348 -152.5955 0.96737015 125.89554
20200000000 0.96216744 110.64149 0.12839265 -154.38402 0.12819366 -154.04683 0.9679082 124.48775
20300000000 0.96127921 109.13342 0.12756823 -155.86807 0.12779419 -155.59653 0.96784782 123.12539
20400000000 0.96159643 107.67535 0.12717465 -157.34348 0.12726541 -157.17978 0.96812236 121.70313
20500000000 0.96088803 106.24852 0.12665659 -158.77385 0.12635498 -158.70734 0.96853614 120.31197
20600000000 0.9608829 104.60289 0.12609963 -160.33493 0.12588257 -160.13318 0.96831614 118.91421
20700000000 0.96250695 103.03118 0.12546623 -161.87425 0.12555403 -161.74287 0.96845835 117.52436
20800000000 0.9617092 101.64149 0.12505108 -163.45784 0.12501617 -163.22087 0.96816087 116.13365
20900000000 0.96044862 100.12302 0.12476443 -164.85452 0.12460526 -164.74644 0.96810973 114.72793
21000000000 0.96123576 98.667992 0.12456531 -166.41035 0.12405325 -166.233 0.96796489 113.33001
21100000000 0.96106136 97.286804 0.12380469 -167.99922 0.12376327 -167.85123 0.96771526 111.88797
21200000000 0.95949036 95.710098 0.12377186 -169.48744 0.12364272 -169.20909 0.96745121 110.48772
21300000000 0.96069545 94.06395 0.12326416 -171.06531 0.12323704 -170.85483 0.96779692 109.08165
21400000000 0.96186638 92.621384 0.12305467 -172.60606 0.12319008 -172.36664 0.96788007 107.69559
21500000000 0.96062797 91.128777 0.12284867 -174.35185 0.12309626 -174.02869 0.96746117 106.27259
21600000000 0.95955694 89.577225 0.12277556 -175.85303 0.12292404 -175.70743 0.96713078 104.88227
21700000000 0.95948935 88.160332 0.12259105 -177.33327 0.12257618 -177.11223 0.96730596 103.38227
21800000000 0.9589383 86.75251 0.12270053 -178.82903 0.12277579 -178.64554 0.96760696 101.98654
21900000000 0.95855761 85.12796 0.12251667 179.49113 0.12260381 179.82289 0.96674764 100.57494
22000000000 0.95924187 83.582573 0.12296958 177.9935 0.12282824 178.27022 0.96593493 99.15107
22100000000 0.95826894 82.089516 0.12273752 176.44972 0.12309889 176.6765 0.96651387 97.70137
22200000000 0.95848501 80.483902 0.12331099 174.78145 0.12331625 174.89287 0.96545112 96.263878
22300000000 0.95852649 79.018394 0.12344375 173.17662 0.12339565 173.47563 0.96565056 94.834854
22400000000 0.95808005 77.582848 0.12378629 171.67332 0.12379121 171.74777 0.96530455 93.389053
22500000000 0.95684046 76.054245 0.12435596 170.13278 0.12422965 170.25201 0.96470076 91.974335
22600000000 0.9565022 74.481445 0.12486494 168.51001 0.12447863 168.65141 0.96422851 90.51873
22700000000 0.9554497 73.045784 0.12565866 166.85991 0.12511876 167.00761 0.96363789 89.113091
22800000000 0.95626891 71.418922 0.12627175 165.20836 0.12608677 165.50046 0.96346605 87.611244
22900000000 0.95606649 69.842278 0.12677227 163.67914 0.12660979 163.96475 0.96220005 86.206703
23000000000 0.95640671 68.352173 0.12755483 162.08046 0.12741345 162.32921 0.96233648 84.713493
23100000000 0.95474052 66.79895 0.12840143 160.58917 0.12802915 160.63986 0.96141893 83.249001
23200000000 0.95391148 65.258972 0.12919708 158.9044 0.12930526 158.97983 0.96108139 81.777969
23300000000 0.95380735 63.847702 0.13018999 157.23013 0.13003945 157.38608 0.96053457 80.330399
23400000000 0.95227718 62.323238 0.13135593 155.58009 0.13134407 155.93913 0.95989448 78.835716
23500000000 0.95327044 60.667763 0.13283947 153.94066 0.13247506 154.4462 0.959719 77.362122
23600000000 0.95258141 59.178295 0.13404077 152.40669 0.13379401 152.69043 0.95886737 75.915932
23700000000 0.95198613 57.560368 0.13565461 150.96486 0.13537204 151.06285 0.95776355 74.423134
23800000000 0.95149839 55.870129 0.13685407 148.96883 0.13724054 149.52107 0.95748526 72.927422
23900000000 0.95187277 54.445248 0.1383902 147.51338 0.1383792 147.7366 0.95656633 71.434265
24000000000 0.95041418 52.971233 0.14021465 145.9727 0.14004555 146.18857 0.9560321 69.933624
24100000000 0.94951808 51.377083 0.14195195 144.35313 0.14141625 144.66565 0.95497531 68.454338
24200000000 0.94852459 49.809509 0.14349376 142.71146 0.14383391 142.98842 0.95388275 66.985794
24300000000 0.94745034 48.251041 0.14561646 141.07816 0.14573537 141.28267 0.95307642 65.484543
24400000000 0.94715691 46.58337 0.14811927 139.48598 0.14790002 139.77927 0.95234382 63.987186
24500000000 0.94767815 44.894112 0.15056899 137.82593 0.15020654 138.10899 0.95130759 62.483849
24600000000 0.94688267 43.386871 0.15249006 136.17165 0.15245537 136.46828 0.9504267 60.971317
24700000000 0.94552332 41.83173 0.15496862 134.52507 0.15502304 134.80043 0.94867146 59.477036
24800000000 0.94451183 40.278606 0.15750493 132.8387 0.15756701 133.17175 0.94700599 57.917572
24900000000 0.94311178 38.676495 0.16006537 131.2601 0.16019306 131.56047 0.94588149 56.365734
25000000000 0.94216633 36.972858 0.16330764 129.51799 0.16304593 129.89577 0.94426644 54.806156
25100000000 0.94164473 35.234676 0.16628073 127.94807 0.16592558 128.16623 0.94376576 53.284058
25200000000 0.94147867 33.524818 0.16936593 126.2382 0.16924669 126.56165 0.94194156 51.722107
25300000000 0.93942541 31.919418 0.17236738 124.46597 0.17203052 124.84552 0.94096398 50.173908
25400000000 0.93823493 30.376987 0.17539042 122.93806 0.17567404 123.23412 0.93915576 48.57608
25500000000 0.93686181 28.776823 0.17910179 121.22974 0.1794053 121.58562 0.93773562 47.007366
25600000000 0.93600386 27.069199 0.18301323 119.52496 0.1827935 119.83736 0.93642455 45.373203
25700000000 0.93421298 25.382875 0.18662161 117.84209 0.18682905 118.17876 0.93458986 43.788006
25800000000 0.93300676 23.557238 0.19094346 116.1382 0.19062023 116.50192 0.93318349 42.133053
25900000000 0.93286175 21.793467 0.19498864 114.38993 0.19464827 114.7888 0.93098718 40.617268
26000000000 0.93145764 20.182734 0.19874889 112.69863 0.19879882 113.03069 0.92936164 38.939877
