   -1.650286    
   -1.711279    
   -1.777078    
   -1.848090    
   -1.924791    
   -2.007782    
   -2.097754    
   -2.195590    
   -2.302316    
   -2.419254    
   -2.547944    
   -2.690268    
   -2.848063    
   -3.022364    
   -3.210263    
   -3.396759    
   -3.533631    
   -3.497942    
   -3.051883    
   -1.870314    
   0.6624020    
    6.116804    
   -36.21120    
   -8.620762    
  -0.2719558    
    2.244971    
    2.109229    
  -3.2344989E-02
   -1.524559    
   -1.920554    
   -1.466933    
  -0.3980715    
  -0.8772286    
   -2.243792    
   -2.759787    
   -2.527330    
   -1.759435    
  -0.5506290    
   0.8668854    
    1.565044    
  -0.4519285    
   -2.651887    
   -1.733909    
   -1.224560    
   -2.047972    
   -1.230997    
   -1.069625    
   1.4703073E-02
   3.0363947E-02
  -0.1434343    
  -0.3160575    
  -0.4571930    
  -0.5678046    
  -0.6537327    
  -0.7204487    
  -0.7724472    
  -0.8131586    
  -0.8452933    
  -0.8709019    
  -0.8916424    
  -0.9087945    
  -0.9234350    
  -0.9364313    
  -0.9485553    
  -0.9604797    
